CL1	Contig85	25000	148	0.014	0.021349305	6889.18
CL1	Contig95	25000	183	0.012	0.037659765	5429.04
CL18	Contig232	25000	215	0.011	0.078215881	7137.29
CL18	Contig319	25000	152	0.012	0.067016974	7518.16
CL18	Contig339	25000	354	0.026	0.060958344	7725.29
CL18	Contig354	25000	312	0.016	0.064721925	6366.2
CL20	Contig19	25000	236	0.012	0.064318997	566.841
CL20	Contig57	25000	185	0.015	0.041834110	5915.92
CL20	Contig61	25000	250	0.011	0.075558692	2595.67
CL20	Contig73	25000	10	0.015	0.004779850	7182.79
CL20	Contig76	25000	181	0.014	0.040470646	2625.14
CL20	Contig84	25000	179	0.010	0.059327354	743.204
CL20	Contig116	25000	381	0.015	0.075783381	3754.94
CL20	Contig138	25000	244	0.011	0.069005463	4875.57
CL20	Contig140	25000	426	0.018	0.072825407	4435.11
CL20	Contig142	25000	288	0.010	0.086605262	3266.36
CL20	Contig162	25000	258	0.011	0.069862843	2991.8
CL20	Contig200	25000	282	0.011	0.074583855	4267.46
CL20	Contig213	25000	267	0.011	0.076854851	3316.34
CL20	Contig219	25000	278	0.011	0.068115912	3024.92
CL20	Contig226	25000	308	0.014	0.064993440	3403.03
CL20	Contig236	25000	325	0.011	0.078867344	3452.84
CL20	Contig246	25000	335	0.017	0.055690987	5818.32
CL20	Contig248	25000	369	0.018	0.066811398	2189.83
CL20	Contig252	25000	327	0.014	0.076607652	1832.76
CL20	Contig259	25000	445	0.018	0.072280389	4181.72
CL20	Contig278	25000	325	0.011	0.088886401	2949.55
CL20	Contig311	25000	325	0.015	0.061003580	3261.88
CL40	Contig281	25000	168	0.013	0.051143116	5132.79
CL40	Contig303	25000	190	0.014	0.052085581	6615.23
CL43	Contig27	25000	371	0.021	0.034777219	1683.96
CL43	Contig60	25000	456	0.029	0.039264876	7107.94
CL43	Contig65	25000	212	0.020	0.030417531	6653.7
CL43	Contig79	25000	260	0.021	0.038754236	7194.17
CL43	Contig88	25000	367	0.030	0.029746025	7031.85
CL44	Contig1	25000	32	0.068	0.002833409	7715.09
CL65	Contig1	25000	38	0.025	0.005943058	7413.89
CL72	Contig2	25000	100	0.127	0.001492062	1607.88
CL72	Contig8	25000	132	0.011	0.022982274	900.182
CL72	Contig13	25000	73	0.098	0.002270376	3589.07
CL75	Contig3	25000	119	0.018	0.012178413	1978.6
CL75	Contig4	25000	45	0.019	0.008763985	7527.42
CL87	Contig2	25000	147	0.238	0.001002487	1825.81
CL88	Contig4	25000	181	0.017	0.034308042	2640.23
CL88	Contig19	25000	327	0.015	0.056405826	1167.64
CL88	Contig30	25000	262	0.025	0.026121093	2101.43
CL88	Contig33	25000	137	0.012	0.026541154	2239.53
CL88	Contig47	25000	187	0.021	0.022398791	1686.03
CL88	Contig48	25000	127	0.012	0.034598193	2634.96
CL88	Contig54	25000	141	0.010	0.046135139	1406.62
CL88	Contig67	25000	254	0.025	0.029665012	1686.09
CL88	Contig77	25000	146	0.014	0.021091814	2075.85
CL88	Contig78	25000	522	0.050	0.020702782	1345.79
CL88	Contig84	25000	110	0.010	0.032098138	3050.76
CL89	Contig15	25000	786	0.050	0.058514520	1650.85
CL89	Contig29	25000	143	0.010	0.027575942	897.78
CL89	Contig30	25000	251	0.015	0.057326602	1209.59
CL89	Contig39	25000	277	0.019	0.056376360	1187.6
CL89	Contig47	25000	365	0.025	0.048296331	1315.06
CL89	Contig54	25000	181	0.011	0.052486499	1120.09
CL89	Contig71	25000	438	0.028	0.054219698	1272.69
CL89	Contig120	25000	178	0.011	0.036875664	1162.51
CL89	Contig148	25000	1109	0.072	0.032119357	1158.66
CL89	Contig166	25000	247	0.011	0.046734721	1156.36
CL90	Contig17	25000	194	0.010	0.053256602	1274.06
CL90	Contig132	25000	196	0.012	0.040434957	3713.23
CL90	Contig155	25000	404	0.021	0.047705366	1663.97
CL90	Contig177	25000	262	0.014	0.043023491	1122.97
CL90	Contig181	25000	167	0.013	0.037287271	2692.88
CL90	Contig184	25000	316	0.021	0.042061149	3794.29
CL90	Contig189	25000	264	0.016	0.046943836	2590.3
CL90	Contig205	25000	234	0.016	0.036978495	2579.76
CL91	Contig1	25000	151	0.089	0.003865792	4049.41
CL93	Contig2	25000	101	0.126	0.001648883	2864.47
CL93	Contig3	25000	11	0.014	0.000887642	956.025
CL97	Contig28	25000	219	0.019	0.023812001	1016.67
CL97	Contig29	25000	196	0.016	0.029470851	1708.78
CL97	Contig102	25000	176	0.019	0.020299139	1371.65
CL97	Contig113	25000	155	0.012	0.032829400	2671.6
CL97	Contig117	25000	339	0.018	0.055070917	4473.51
CL100	Contig178	25000	169	0.010	0.048003125	5900.69
CL108	Contig1	25000	195	0.010	0.052246975	617.453
CL108	Contig19	25000	133	0.011	0.032943615	1060.45
CL108	Contig25	25000	232	0.012	0.048199757	581.358
CL108	Contig36	25000	140	0.010	0.044889693	1244.77
CL108	Contig40	25000	328	0.016	0.058554447	768.889
CL108	Contig48	25000	131	0.011	0.039722124	1252.89
CL108	Contig65	25000	795	0.062	0.034655895	1768.95
CL108	Contig70	25000	328	0.024	0.041286724	1476.39
CL109	Contig1	25000	389	0.024	0.037789722	658.645
CL109	Contig10	25000	218	0.010	0.070359849	821.957
CL109	Contig11	25000	192	0.013	0.041574504	542.847
CL109	Contig12	25000	619	0.060	0.018006859	790.882
CL109	Contig21	25000	209	0.012	0.054339052	597.689
CL109	Contig25	25000	240	0.018	0.027237140	677.278
CL109	Contig28	25000	669	0.039	0.045893334	768.51
CL109	Contig36	25000	557	0.042	0.033189530	591.68
CL109	Contig38	25000	290	0.026	0.024151934	374.116
CL109	Contig47	25000	200	0.016	0.029638561	378.519
CL109	Contig52	25000	576	0.043	0.032834315	899.235
CL109	Contig57	25000	206	0.013	0.038101179	633.839
CL110	Contig12	25000	1441	0.109	0.030908745	1862.05
CL111	Contig2	25000	119	0.062	0.004678068	3990.41
CL114	Contig2	25000	74	0.119	0.001061876	1730
CL117	Contig24	25000	434	0.028	0.049098159	1214.42
CL117	Contig51	25000	264	0.016	0.047612337	1026.22
CL117	Contig67	25000	210	0.012	0.056558459	1284.58
CL117	Contig68	25000	190	0.012	0.054629594	1945.92
CL117	Contig114	25000	175	0.010	0.052027642	3267.68
CL120	Contig157	25000	230	0.011	0.071722392	6442.86
CL125	Contig39	25000	194	0.016	0.033041294	2187.27
CL125	Contig51	25000	290	0.013	0.052720765	685.092
CL125	Contig60	25000	544	0.026	0.051332930	709.347
CL125	Contig73	25000	366	0.018	0.052801082	733.751
CL125	Contig112	25000	297	0.013	0.062183864	688.694
CL134	Contig16	25000	168	0.011	0.043376019	2388.34
CL138	Contig112	25000	308	0.012	0.085959156	3216.21
CL143	Contig21	25000	545	0.025	0.055140230	954.045
CL143	Contig22	25000	201	0.012	0.041101721	767.738
CL143	Contig32	25000	990	0.052	0.046434480	1139.9
CL144	Contig22	25000	192	0.011	0.045557284	604.648
CL144	Contig60	25000	223	0.013	0.042851472	985.669
CL144	Contig61	25000	268	0.016	0.049872605	825.903
CL144	Contig78	25000	189	0.011	0.048200477	677.023
CL146	Contig1	25000	407	0.038	0.038937404	1096.97
CL146	Contig15	25000	146	0.017	0.025174531	959.928
CL146	Contig18	25000	168	0.019	0.024670760	1004.73
CL149	Contig17	25000	191	0.015	0.051572415	2719.26
CL149	Contig41	25000	306	0.015	0.048102403	1373.34
CL150	Contig3	25000	443	0.041	0.026969718	2317.03
CL157	Contig2	25000	68	0.074	0.001474747	1164.55
CL163	Contig29	25000	222	0.021	0.030277507	2049.07
CL163	Contig31	25000	138	0.012	0.029860837	1649.95
CL171	Contig1	25000	46	0.031	0.003555269	1938.65
CL178	Contig6	25000	276	0.017	0.048138009	613.355
CL178	Contig15	25000	214	0.012	0.045694755	871.079
CL180	Contig2	25000	840	0.039	0.051811260	737.713
CL180	Contig3	25000	428	0.021	0.049335597	635.438
CL183	Contig2	25000	266	0.013	0.046786836	624.74
CL183	Contig6	25000	291	0.017	0.051678540	629.866
CL183	Contig7	25000	248	0.012	0.052165997	474.015
CL183	Contig16	25000	133	0.012	0.031702808	467.504
CL190	Contig1	25000	51	0.033	0.001842372	995.361
CL197	Contig2	25000	7	0.028	0.000219347	1108.53
CL201	Contig1	25000	371	0.036	0.022186239	877.035
CL205	Contig11	25000	498	0.019	0.067960379	611.767
CL207	Contig11	25000	155	0.010	0.042361282	749.624
CL207	Contig18	25000	152	0.010	0.038399084	620.834
CL232	Contig1	25000	221	0.014	0.041350242	757.198
CL236	Contig5	25000	426	0.018	0.058634014	507.332
CL239	Contig10	25000	217	0.013	0.048388988	535.948
CL256	Contig5	25000	235	0.013	0.053282747	647.066
CL258	Contig6	25000	223	0.010	0.069909180	580.936
CL263	Contig3	25000	234	0.015	0.037437014	454.055
CL279	Contig1	25000	191	0.017	0.024960930	370.16
CL279	Contig2	25000	110	0.010	0.025933858	361.872
CL282	Contig9	25000	153	0.011	0.044917853	486.579
CL285	Contig10	25000	197	0.012	0.056669121	521.577
CL297	Contig8	25000	268	0.014	0.061888918	579.245
CL299	Contig4	25000	167	0.017	0.041775727	467.835
CL302	Contig2	25000	264	0.015	0.090871695	347.689
CL308	Contig1	25000	141	0.014	0.022902748	806.319
CL328	Contig2	25000	152	0.011	0.030984572	543.828
CL334	Contig4	25000	239	0.013	0.052948108	347.295
CL357	Contig1	25000	252	0.017	0.036955195	352.389
CL407	Contig1	25000	244	0.011	0.061461528	661.032
CL481	Contig1	25000	166	0.011	0.043463527	334.621
CL577	Contig1	25000	106	0.011	0.028488745	261.352
CL594	Contig1	25000	101	0.012	0.021649577	226.56
CL602	Contig1	25000	142	0.011	0.035800834	279.848
CL632	Contig2	25000	114	0.010	0.027908239	294.031
CL644	Contig2	25000	93	0.010	0.026839266	318.822
CL718	Contig1	25000	133	0.012	0.025964548	374.891
CL2	Contig229	25000	164	0.011	0.051915941	7383.39
CL2	Contig274	25000	160	0.010	0.046874349	6385.46
CL2	Contig289	25000	137	0.013	0.038330518	6749.51
CL2	Contig341	25000	165	0.012	0.048156942	7646.72
CL2	Contig471	25000	130	0.011	0.037612879	5358.43
CL2	Contig626	25000	142	0.011	0.040672601	7761.17
CL2	Contig1020	25000	204	0.012	0.063988269	6542.81
CL5	Contig87	25000	107	0.010	0.044109306	1079.85
CL5	Contig281	25000	281	0.012	0.091281756	2022.6
CL5	Contig365	25000	156	0.010	0.062946322	1875.48
CL5	Contig424	25000	141	0.011	0.061228418	4030.1
CL5	Contig474	25000	166	0.011	0.053015937	1925.81
CL5	Contig518	25000	86	0.011	0.028729455	1727.16
CL5	Contig533	25000	194	0.011	0.078729470	2464.36
CL5	Contig684	25000	283	0.012	0.089329908	3294.56
CL5	Contig712	25000	197	0.013	0.065913959	2268.07
CL5	Contig716	25000	159	0.011	0.063514841	1999.06
CL5	Contig763	25000	282	0.019	0.049978216	3042.25
CL5	Contig791	25000	205	0.010	0.063007472	1713.95
CL5	Contig801	25000	112	0.010	0.034598891	1118.24
CL5	Contig1033	25000	193	0.013	0.058835717	2833.24
CL5	Contig1041	25000	226	0.012	0.066707961	1748.96
CL5	Contig1056	25000	145	0.011	0.052692306	917.788
CL5	Contig1183	25000	226	0.011	0.080960489	1546.08
CL5	Contig1271	25000	185	0.013	0.065756907	4503.96
CL5	Contig1303	25000	309	0.018	0.057544106	6674.19
CL5	Contig1377	25000	291	0.015	0.070060338	3989.22
CL5	Contig1440	25000	238	0.015	0.058971511	4689.7
CL5	Contig1445	25000	188	0.013	0.056318825	2692.22
CL5	Contig1546	25000	96	0.010	0.040617599	7417.16
CL5	Contig1567	25000	119	0.012	0.034082681	2808.64
CL5	Contig1601	25000	147	0.011	0.048245136	2044.73
CL5	Contig1652	25000	214	0.010	0.086581079	3667.59
CL5	Contig1659	25000	97	0.010	0.034592967	3922.86
CL5	Contig1692	25000	158	0.011	0.043749401	1947.21
CL5	Contig1698	25000	229	0.016	0.048692375	3062.09
CL5	Contig1705	25000	216	0.012	0.061947330	2252.89
CL5	Contig1710	25000	305	0.017	0.060808270	3231.87
CL5	Contig1712	25000	297	0.021	0.043520760	4894.42
CL6	Contig147	25000	489	0.023	0.073313324	5238.85
CL6	Contig264	25000	413	0.029	0.051219177	7786.78
CL6	Contig269	25000	146	0.018	0.015871153	1925.98
CL6	Contig274	25000	502	0.026	0.061969958	4073.16
CL6	Contig380	25000	311	0.015	0.076307332	7609.42
CL6	Contig398	25000	550	0.027	0.062414529	7576.6
CL6	Contig411	25000	295	0.014	0.072123845	5641.71
CL10	Contig218	25000	196	0.011	0.054238389	7400.61
CL10	Contig370	25000	234	0.013	0.051659860	7497.43
CL10	Contig440	25000	87	0.012	0.027893128	7499.15
CL10	Contig467	25000	113	0.012	0.032818232	7448.94
CL15	Contig79	25000	106	0.012	0.023759379	6613.71
CL15	Contig128	25000	235	0.011	0.064942391	5065.44
CL15	Contig141	25000	145	0.010	0.040431805	6052.79
CL15	Contig178	25000	180	0.015	0.030007617	7203.36
CL15	Contig208	25000	181	0.011	0.037548597	5473.62
CL15	Contig210	25000	235	0.019	0.034923832	7242.36
CL15	Contig221	25000	269	0.012	0.068871045	5018.36
CL19	Contig78	25000	191	0.013	0.047360392	7599.87
CL19	Contig80	25000	392	0.023	0.056964381	7106.65
CL19	Contig135	25000	271	0.019	0.047571015	7009.13
CL19	Contig198	25000	652	0.045	0.051824572	7882.63
CL24	Contig42	25000	236	0.011	0.075609068	2681.01
CL24	Contig99	25000	291	0.015	0.080568458	4869.94
CL24	Contig162	25000	249	0.011	0.096893585	3816.97
CL24	Contig267	25000	201	0.011	0.079029449	4114.15
CL24	Contig341	25000	306	0.014	0.087615299	4515.37
CL24	Contig351	25000	222	0.016	0.059048230	6014.55
CL24	Contig356	25000	231	0.012	0.089420956	4210.09
CL24	Contig358	25000	303	0.012	0.093051647	1801.67
CL24	Contig391	25000	176	0.012	0.050549074	4039.48
CL24	Contig393	25000	328	0.019	0.075579114	6735.98
CL24	Contig419	25000	411	0.018	0.090356976	3186.6
CL24	Contig430	25000	153	0.014	0.050621230	5559.84
CL24	Contig451	25000	207	0.015	0.059728805	6448.64
CL24	Contig460	25000	258	0.015	0.069052103	5209.49
CL24	Contig537	25000	179	0.012	0.071537734	6628.61
CL24	Contig548	25000	261	0.020	0.051799848	5716.38
CL25	Contig215	25000	271	0.012	0.086947386	6555.31
CL25	Contig227	25000	125	0.010	0.053203678	6324.14
CL25	Contig266	25000	151	0.010	0.052250289	5784.27
CL25	Contig276	25000	251	0.015	0.082061347	6703.63
CL25	Contig280	25000	153	0.012	0.053379609	5569.58
CL25	Contig283	25000	233	0.016	0.058492507	5104.63
CL25	Contig288	25000	298	0.023	0.060203119	7314.63
CL25	Contig305	25000	238	0.010	0.094519251	6211.02
CL25	Contig327	25000	120	0.012	0.048926464	6362.61
CL25	Contig361	25000	386	0.019	0.078663716	7234.65
CL30	Contig12	25000	192	0.011	0.056194441	4911.57
CL30	Contig118	25000	208	0.018	0.032900649	7442.89
CL30	Contig167	25000	403	0.024	0.062364965	7008.01
CL30	Contig168	25000	143	0.011	0.036355093	6988.9
CL30	Contig178	25000	265	0.015	0.058558424	7085.71
CL33	Contig21	25000	186	0.014	0.031475707	823.396
CL33	Contig69	25000	568	0.046	0.034662480	3924.96
CL33	Contig77	25000	166	0.015	0.025632876	2469.07
CL33	Contig87	25000	593	0.043	0.035245511	3291.88
CL33	Contig98	25000	284	0.027	0.033135909	3039.6
CL33	Contig127	25000	209	0.012	0.042784079	2482.55
CL33	Contig136	25000	112	0.012	0.024516154	2439
CL33	Contig138	25000	255	0.028	0.021366302	5457.08
CL33	Contig143	25000	236	0.016	0.037595283	3043.8
CL33	Contig154	25000	230	0.018	0.031360189	2330.35
CL33	Contig161	25000	158	0.011	0.037844874	2615.86
CL33	Contig210	25000	469	0.033	0.040486904	5498.78
CL33	Contig233	25000	153	0.011	0.035545561	5640.01
CL34	Contig88	25000	429	0.021	0.066342458	1161.03
CL34	Contig95	25000	197	0.020	0.029617108	865.641
CL34	Contig137	25000	374	0.021	0.050899764	1143.07
CL34	Contig141	25000	387	0.025	0.034751464	494.038
CL34	Contig176	25000	543	0.045	0.035211183	1140.52
CL34	Contig184	25000	410	0.027	0.060070803	2079.42
CL34	Contig196	25000	383	0.022	0.068856018	2398.73
CL34	Contig265	25000	325	0.024	0.044884601	3983.44
CL34	Contig267	25000	173	0.014	0.055650577	2824.59
CL34	Contig288	25000	267	0.021	0.050531367	2797.87
CL34	Contig299	25000	876	0.079	0.042350114	3789.64
CL34	Contig301	25000	554	0.033	0.063799442	2926.42
CL34	Contig308	25000	140	0.011	0.057209489	5393.93
CL34	Contig314	25000	245	0.018	0.050272635	3180.04
CL34	Contig321	25000	319	0.015	0.062033093	380.228
CL34	Contig326	25000	284	0.019	0.057901640	3107.24
CL35	Contig119	25000	144	0.010	0.045192479	7543.63
CL50	Contig2	25000	21	0.033	0.001879869	7701.26
CL59	Contig31	25000	215	0.018	0.027401350	6010.42
CL59	Contig65	25000	302	0.021	0.035941887	5604.21
CL59	Contig79	25000	647	0.078	0.016593227	4809.7
CL60	Contig1	25000	351	0.028	0.043655812	2299.34
CL60	Contig42	25000	181	0.011	0.046763686	677.636
CL60	Contig56	25000	212	0.019	0.038366504	921.822
CL60	Contig81	25000	251	0.020	0.037569441	736.737
CL60	Contig107	25000	117	0.012	0.034446579	1041.45
CL60	Contig146	25000	573	0.057	0.026015198	4270.65
CL60	Contig158	25000	182	0.011	0.051004488	2140.02
CL60	Contig165	25000	555	0.044	0.037424884	3514.45
CL60	Contig199	25000	121	0.014	0.037698445	2186.76
CL60	Contig205	25000	176	0.018	0.037176277	3609.37
CL61	Contig174	25000	225	0.011	0.082062152	2878.8
CL61	Contig176	25000	148	0.012	0.040874157	1214.61
CL61	Contig196	25000	154	0.013	0.052519903	3059.08
CL61	Contig210	25000	168	0.011	0.066838470	3079.19
CL61	Contig216	25000	169	0.010	0.064691705	2039.8
CL61	Contig220	25000	204	0.011	0.066234382	4650.42
CL61	Contig226	25000	232	0.012	0.072871527	3481.89
CL61	Contig232	25000	200	0.013	0.057308989	5592.56
CL61	Contig251	25000	292	0.014	0.076925635	4079.29
CL61	Contig253	25000	232	0.012	0.072910462	3088.93
CL61	Contig259	25000	507	0.031	0.066164232	5068.54
CL62	Contig109	25000	177	0.014	0.049932149	6945.56
CL62	Contig115	25000	364	0.016	0.094927138	6154.15
CL62	Contig153	25000	294	0.015	0.073735522	5549.93
CL62	Contig166	25000	227	0.016	0.053453985	5589.36
CL63	Contig1	25000	43	0.031	0.007010215	7596.11
CL67	Contig94	25000	371	0.030	0.038705155	3560.07
CL67	Contig103	25000	162	0.010	0.044224526	1344.92
CL67	Contig123	25000	151	0.013	0.032082973	2787.88
CL67	Contig130	25000	325	0.024	0.034827220	3291.53
CL67	Contig139	25000	179	0.013	0.039081250	4981.53
CL67	Contig154	25000	193	0.013	0.047848908	2725.41
CL67	Contig179	25000	198	0.016	0.029468310	6498.45
CL69	Contig143	25000	240	0.011	0.086216954	1377.2
CL69	Contig155	25000	458	0.025	0.078162152	3111.78
CL69	Contig205	25000	198	0.017	0.056778333	1737.5
CL69	Contig277	25000	312	0.016	0.079186264	2835.1
CL69	Contig323	25000	223	0.018	0.063340538	3331.16
CL69	Contig324	25000	229	0.011	0.091121308	4287.44
CL70	Contig67	25000	258	0.014	0.061721688	1717.54
CL70	Contig126	25000	196	0.010	0.062973696	4505.01
CL70	Contig156	25000	154	0.013	0.041856158	4358.99
CL70	Contig159	25000	227	0.011	0.054377813	3511.5
CL70	Contig191	25000	212	0.011	0.060053337	2654.8
CL70	Contig301	25000	329	0.019	0.055736056	6032.9
CL70	Contig308	25000	200	0.010	0.056029047	2007.96
CL74	Contig6	25000	153	0.012	0.046940412	484.905
CL74	Contig190	25000	608	0.027	0.073840035	7450.67
CL74	Contig198	25000	241	0.011	0.079298484	3836.78
CL74	Contig222	25000	195	0.014	0.034779206	830.486
CL74	Contig302	25000	174	0.015	0.031944453	2892.77
CL77	Contig117	25000	241	0.011	0.079746662	640.337
CL112	Contig7	25000	1043	0.113	0.027750095	1560.65
CL112	Contig34	25000	277	0.011	0.063490043	761.807
CL112	Contig45	25000	277	0.010	0.074018665	684.484
CL116	Contig72	25000	265	0.014	0.065294784	3317.57
CL116	Contig77	25000	372	0.019	0.067240639	3451.15
CL8	Contig71	25000	170	0.011	0.051935836	5226.59
CL8	Contig75	25000	157	0.011	0.048327810	5797.92
CL8	Contig79	25000	153	0.015	0.031510702	5981.53
CL8	Contig138	25000	151	0.016	0.032690526	6195.84
CL8	Contig162	25000	217	0.019	0.026381963	7296.94
CL8	Contig185	25000	215	0.011	0.053810606	6320.55
CL8	Contig213	25000	99	0.012	0.028011995	6784.51
CL8	Contig264	25000	225	0.022	0.036313917	5999.65
CL8	Contig298	25000	147	0.013	0.030767632	6863.46
CL11	Contig132	25000	268	0.014	0.047650457	1461.5
CL11	Contig262	25000	187	0.013	0.055420608	7368.53
CL11	Contig288	25000	302	0.023	0.050275671	7542.79
CL11	Contig317	25000	203	0.010	0.065471512	7255.75
CL13	Contig182	25000	183	0.013	0.045562730	7271.18
CL13	Contig191	25000	215	0.018	0.032038686	7732.32
CL16	Contig114	25000	160	0.011	0.040626404	6851.13
CL16	Contig148	25000	180	0.011	0.043506144	7325.25
CL16	Contig180	25000	114	0.012	0.025152868	7531.71
CL26	Contig89	25000	163	0.011	0.029930287	399.911
CL26	Contig148	25000	606	0.025	0.074389016	3299.93
CL26	Contig162	25000	239	0.010	0.064781303	1415.92
CL26	Contig247	25000	206	0.012	0.053455660	2542.42
CL26	Contig356	25000	289	0.011	0.097330641	2050.86
CL26	Contig358	25000	171	0.011	0.038531354	1697.78
CL26	Contig379	25000	248	0.012	0.056026919	4898.2
CL26	Contig400	25000	532	0.036	0.037785743	5244.2
CL26	Contig423	25000	531	0.028	0.048515264	3698.29
CL26	Contig470	25000	293	0.015	0.053014780	3311.2
CL26	Contig518	25000	976	0.049	0.066063080	5820.29
CL26	Contig582	25000	281	0.013	0.066567298	3685.98
CL26	Contig602	25000	294	0.012	0.081135480	3223.3
CL27	Contig25	25000	259	0.021	0.045265508	4691.57
CL27	Contig96	25000	240	0.014	0.053021316	5698.13
CL27	Contig122	25000	349	0.032	0.037412861	7664.3
CL27	Contig127	25000	200	0.010	0.067903442	5148.23
CL27	Contig145	25000	177	0.013	0.042123443	5324.46
CL31	Contig51	25000	251	0.017	0.052489228	6001.63
CL31	Contig68	25000	236	0.019	0.043631825	6603.04
CL31	Contig78	25000	329	0.014	0.058982961	940.354
CL31	Contig86	25000	650	0.050	0.032885301	3676.39
CL31	Contig87	25000	559	0.052	0.034219430	3790.59
CL31	Contig100	25000	461	0.041	0.036065117	6971.6
CL31	Contig145	25000	185	0.018	0.025315384	6615.45
CL32	Contig3	25000	242	0.010	0.085072067	2720.25
CL32	Contig153	25000	148	0.012	0.047465318	6271.04
CL32	Contig168	25000	223	0.016	0.049151609	5884.24
CL32	Contig176	25000	379	0.027	0.052374725	7730.5
CL32	Contig182	25000	200	0.012	0.059389979	6723.82
CL32	Contig234	25000	231	0.013	0.058763173	6318.2
CL36	Contig45	25000	153	0.011	0.041207220	1133.39
CL36	Contig183	25000	517	0.028	0.065186708	5309.6
CL36	Contig262	25000	121	0.010	0.049803306	2338.27
CL36	Contig273	25000	298	0.012	0.078884848	2380.81
CL36	Contig284	25000	331	0.017	0.084586562	5113.65
CL36	Contig303	25000	331	0.013	0.086550272	3978.54
CL36	Contig346	25000	243	0.011	0.073651780	2743.26
CL36	Contig358	25000	163	0.013	0.059798184	3279.09
CL36	Contig364	25000	196	0.010	0.079438724	4608.66
CL36	Contig385	25000	236	0.014	0.071356750	3133.68
CL36	Contig407	25000	176	0.018	0.035449769	2806.46
CL36	Contig444	25000	229	0.012	0.052784966	2484.6
CL36	Contig486	25000	277	0.018	0.071795073	4869.51
CL36	Contig490	25000	314	0.021	0.053661953	4450.98
CL37	Contig269	25000	325	0.013	0.101587016	5088.16
CL37	Contig728	25000	223	0.011	0.066121601	5557.03
CL37	Contig816	25000	290	0.012	0.083993329	7170.96
CL38	Contig41	25000	239	0.017	0.061450833	2091.3
CL38	Contig62	25000	694	0.029	0.068700397	6454.13
CL38	Contig146	25000	188	0.010	0.049930829	634.077
CL38	Contig217	25000	417	0.017	0.080357852	1734.64
CL38	Contig247	25000	252	0.011	0.060414114	1829.55
CL38	Contig374	25000	121	0.010	0.037621870	832.234
CL38	Contig430	25000	210	0.012	0.053362634	3382.73
CL38	Contig448	25000	392	0.020	0.059334654	2568.48
CL38	Contig462	25000	197	0.012	0.055035756	3579.38
CL38	Contig502	25000	620	0.026	0.070636065	1568.33
CL38	Contig541	25000	262	0.013	0.074002516	925.466
CL38	Contig560	25000	310	0.016	0.063217979	1883.73
CL38	Contig577	25000	379	0.015	0.078743727	1993.2
CL38	Contig598	25000	341	0.015	0.077287924	4689.08
CL38	Contig604	25000	103	0.010	0.037092233	6222.09
CL38	Contig609	25000	194	0.013	0.059297734	3627.21
CL38	Contig693	25000	338	0.013	0.084693739	1954.42
CL39	Contig67	25000	1486	0.133	0.032516229	5066.32
CL39	Contig118	25000	297	0.018	0.053707236	2424.24
CL39	Contig125	25000	182	0.012	0.041474502	1832.41
CL39	Contig129	25000	177	0.011	0.044136084	2091.98
CL39	Contig134	25000	201	0.014	0.039800464	2379.62
CL39	Contig187	25000	220	0.013	0.051857455	871.281
CL41	Contig188	25000	168	0.014	0.047904426	7651.04
CL46	Contig26	25000	352	0.023	0.046821666	5707.15
CL46	Contig112	25000	297	0.015	0.054051777	3502.69
CL46	Contig115	25000	290	0.017	0.055945453	5132.44
CL46	Contig124	25000	137	0.011	0.051839779	5417.46
CL46	Contig176	25000	142	0.016	0.034225394	6362.53
CL46	Contig181	25000	112	0.010	0.045319206	7006.81
CL46	Contig225	25000	224	0.013	0.051886094	3458.06
CL46	Contig307	25000	168	0.012	0.042730327	6068.05
CL46	Contig312	25000	217	0.012	0.056244458	2832.5
CL48	Contig4	25000	207	0.011	0.052826964	738.166
CL48	Contig35	25000	268	0.014	0.055248121	654.687
CL48	Contig73	25000	301	0.023	0.037576850	2276.6
CL48	Contig128	25000	195	0.012	0.052970931	634.976
CL48	Contig155	25000	88	0.012	0.019649508	456.779
CL48	Contig167	25000	1200	0.096	0.030530170	3469.98
CL48	Contig171	25000	868	0.065	0.041905750	5249.67
CL48	Contig200	25000	202	0.010	0.064251080	1998.39
CL48	Contig293	25000	253	0.015	0.046549435	851.439
CL48	Contig307	25000	104	0.010	0.032597886	220.589
CL49	Contig8	25000	422	0.023	0.044062495	819.263
CL49	Contig64	25000	229	0.018	0.032260441	696.439
CL49	Contig74	25000	808	0.059	0.029770861	1639.66
CL49	Contig76	25000	888	0.057	0.037762605	2995.35
CL49	Contig77	25000	1065	0.056	0.053531555	1623.56
CL49	Contig98	25000	218	0.014	0.037052678	2462.47
CL49	Contig116	25000	220	0.010	0.054066449	729.906
CL49	Contig125	25000	203	0.013	0.032600384	618.986
CL49	Contig133	25000	181	0.013	0.028114734	2393.34
CL49	Contig151	25000	290	0.016	0.045385276	1389.59
CL49	Contig171	25000	452	0.028	0.047310962	1423.11
CL49	Contig173	25000	320	0.016	0.052970817	728.403
CL49	Contig198	25000	402	0.030	0.027563574	2567.77
CL49	Contig209	25000	221	0.015	0.030535473	756.35
CL49	Contig210	25000	344	0.017	0.053356043	1446.18
CL49	Contig212	25000	183	0.010	0.061102303	1456.34
CL49	Contig220	25000	510	0.032	0.035936608	3845.22
CL49	Contig224	25000	197	0.011	0.050679510	594.185
CL51	Contig159	25000	349	0.012	0.085545496	1612.58
CL51	Contig173	25000	287	0.018	0.049219321	4737.46
CL51	Contig175	25000	412	0.033	0.039743735	6468.45
CL51	Contig183	25000	190	0.015	0.041296045	5815.55
CL51	Contig188	25000	198	0.018	0.026336569	6480.67
CL51	Contig208	25000	338	0.023	0.041627275	2667.61
CL51	Contig214	25000	282	0.014	0.059708612	1468.6
CL54	Contig119	25000	242	0.011	0.065618047	2083.8
CL54	Contig186	25000	278	0.013	0.063428744	1569.84
CL54	Contig199	25000	620	0.034	0.066085530	7480.93
CL54	Contig222	25000	310	0.016	0.059180019	6907.02
CL54	Contig238	25000	373	0.020	0.046157439	1074.67
CL55	Contig1	25000	54	0.209	0.000515200	3711.36
CL56	Contig17	25000	169	0.014	0.040171500	1852.32
CL56	Contig51	25000	197	0.017	0.033417473	1795.32
CL56	Contig55	25000	472	0.029	0.044212918	2146.74
CL56	Contig57	25000	460	0.046	0.026072650	1094.97
CL56	Contig68	25000	403	0.037	0.032120721	5163.79
CL56	Contig83	25000	816	0.104	0.017502127	3412.15
CL56	Contig91	25000	205	0.021	0.020999753	1299.35
CL57	Contig9	25000	221	0.011	0.077573059	1036.12
CL57	Contig34	25000	67	0.013	0.008465169	802.052
CL57	Contig44	25000	132	0.013	0.052679347	1644.8
CL57	Contig62	25000	308	0.025	0.053518884	2216.11
CL57	Contig72	25000	246	0.016	0.057126975	866.587
CL57	Contig103	25000	265	0.025	0.047271379	1393.37
CL57	Contig149	25000	281	0.016	0.049500081	678.457
CL57	Contig171	25000	151	0.011	0.057972667	1856.18
CL57	Contig179	25000	308	0.024	0.046045055	2548.56
CL57	Contig190	25000	430	0.034	0.039774433	3306.61
CL57	Contig193	25000	225	0.017	0.038689192	4620.02
CL57	Contig203	25000	268	0.020	0.049357286	2188.88
CL57	Contig241	25000	174	0.015	0.036258131	3054.81
CL57	Contig293	25000	187	0.017	0.047882192	1980.92
CL58	Contig178	25000	391	0.018	0.059413237	7399.91
CL64	Contig86	25000	356	0.019	0.065616809	4090.13
CL64	Contig103	25000	312	0.014	0.072404392	7092.69
CL64	Contig204	25000	280	0.016	0.059881703	6792.54
CL66	Contig30	25000	226	0.017	0.040602488	2436.33
CL66	Contig86	25000	232	0.023	0.028183907	7354.86
CL66	Contig150	25000	183	0.016	0.036179219	6388.26
CL66	Contig165	25000	166	0.012	0.041750556	2826.38
CL68	Contig1	25000	36	0.043	0.001834485	7682.79
CL78	Contig115	25000	387	0.040	0.034730570	1152.09
CL78	Contig118	25000	232	0.017	0.034623945	2991.54
CL78	Contig144	25000	169	0.017	0.040694922	691.154
CL78	Contig154	25000	270	0.029	0.029699266	1054.29
CL78	Contig166	25000	222	0.024	0.026220692	1464.84
CL78	Contig171	25000	172	0.016	0.034111906	1021.13
CL78	Contig205	25000	151	0.014	0.039065984	906.715
CL78	Contig234	25000	226	0.011	0.059644017	1694.45
CL78	Contig237	25000	215	0.020	0.036174831	1636.43
CL78	Contig275	25000	191	0.010	0.056470199	1266.02
CL79	Contig4	25000	240	0.013	0.063110619	2599.38
CL79	Contig31	25000	190	0.010	0.054972267	1147.25
CL79	Contig35	25000	273	0.015	0.056417465	1453.91
CL79	Contig45	25000	371	0.025	0.033895810	803.806
CL79	Contig74	25000	240	0.014	0.049101515	1160.55
CL79	Contig92	25000	276	0.017	0.053110768	2734.77
CL79	Contig105	25000	326	0.025	0.042335483	1377.31
CL79	Contig119	25000	376	0.025	0.034610039	519.268
CL79	Contig121	25000	388	0.031	0.032900333	2125.78
CL79	Contig144	25000	206	0.011	0.055094795	442.566
CL79	Contig152	25000	265	0.018	0.037829367	997.155
CL79	Contig154	25000	726	0.041	0.047464543	1468.43
CL79	Contig155	25000	124	0.010	0.044235185	3751.63
CL81	Contig19	25000	258	0.252	0.001697614	1748.04
CL92	Contig2	25000	193	0.255	0.001334141	1410.78
CL94	Contig71	25000	1520	0.070	0.050984185	1541.09
CL94	Contig104	25000	648	0.030	0.053535285	1658.03
CL94	Contig107	25000	467	0.020	0.065814488	3539.79
CL94	Contig146	25000	336	0.015	0.061759002	2863.31
CL96	Contig15	25000	203	0.015	0.034163655	490.984
CL96	Contig38	25000	83	0.015	0.016107527	401.248
CL96	Contig39	25000	560	0.050	0.038012890	1502.95
CL96	Contig46	25000	93	0.011	0.028635844	1395.29
CL96	Contig52	25000	182	0.018	0.042239016	1215.36
CL96	Contig59	25000	147	0.014	0.038125431	625.544
CL96	Contig68	25000	403	0.041	0.030843878	1356.45
CL96	Contig69	25000	215	0.023	0.037684814	976.039
CL96	Contig90	25000	135	0.012	0.041001349	529.963
CL96	Contig91	25000	194	0.019	0.029245918	598.033
CL99	Contig23	25000	145	0.015	0.023263995	657.936
CL99	Contig31	25000	158	0.013	0.029506554	664.489
CL99	Contig54	25000	200	0.011	0.044167972	2613.38
CL99	Contig150	25000	302	0.016	0.051539657	1834.5
CL99	Contig152	25000	306	0.013	0.073961995	2047.11
CL99	Contig169	25000	335	0.021	0.049650570	2147.08
CL101	Contig2	25000	162	0.142	0.002622287	1888.55
CL102	Contig3	25000	162	0.146	0.001854220	1785.21
CL103	Contig27	25000	301	0.020	0.067139229	990.206
CL103	Contig30	25000	282	0.015	0.044828811	983.098
CL103	Contig33	25000	175	0.015	0.043059472	819.69
CL103	Contig36	25000	398	0.027	0.034814776	1318.76
CL103	Contig54	25000	170	0.010	0.068836136	916.635
CL103	Contig55	25000	489	0.037	0.033728690	1472.98
CL103	Contig58	25000	301	0.018	0.037788133	946.45
CL103	Contig86	25000	205	0.016	0.046911835	989.481
CL103	Contig98	25000	187	0.015	0.041624526	938.707
CL103	Contig100	25000	362	0.021	0.047767422	883.855
CL103	Contig101	25000	198	0.014	0.043115238	673.748
CL104	Contig5	25000	180	0.012	0.036592304	1268.8
CL104	Contig19	25000	336	0.024	0.037896214	3010.32
CL104	Contig30	25000	298	0.017	0.036662100	853.002
CL104	Contig33	25000	902	0.051	0.041076161	1140.63
CL104	Contig42	25000	430	0.043	0.018425173	1387.39
CL105	Contig1	25000	1036	0.111	0.021828564	1258.47
CL105	Contig2	25000	140	0.010	0.029549515	649.74
CL105	Contig6	25000	195	0.015	0.024234929	517.129
CL105	Contig14	25000	647	0.039	0.045508382	806.276
CL105	Contig17	25000	411	0.030	0.023417493	499.274
CL105	Contig26	25000	378	0.024	0.031942597	610.082
CL105	Contig49	25000	295	0.021	0.032918665	746.864
CL106	Contig80	25000	271	0.011	0.064892337	1956.89
CL106	Contig107	25000	789	0.033	0.063152040	4332.73
CL106	Contig110	25000	538	0.021	0.074134430	1928.11
CL106	Contig112	25000	345	0.016	0.062847293	1866.6
CL115	Contig36	25000	499	0.036	0.056742078	4239.65
CL119	Contig24	25000	1263	0.073	0.039060830	842.759
CL119	Contig31	25000	258	0.013	0.049875062	941.127
CL119	Contig42	25000	170	0.010	0.035554413	503.413
CL119	Contig44	25000	217	0.011	0.052550330	1211.4
CL119	Contig52	25000	512	0.023	0.056924153	660.127
CL119	Contig69	25000	242	0.013	0.040000072	674.049
CL119	Contig74	25000	347	0.017	0.069772095	1499.37
CL151	Contig5	25000	296	0.016	0.053864921	874.831
CL151	Contig14	25000	528	0.027	0.053061196	655.778
CL151	Contig26	25000	656	0.034	0.048725327	644.036
CL151	Contig40	25000	225	0.011	0.058109239	745.166
CL151	Contig45	25000	221	0.011	0.049597446	619.024
CL152	Contig1	25000	11	0.067	0.000153928	1435.29
CL156	Contig7	25000	662	0.033	0.042808336	810.225
CL156	Contig16	25000	1244	0.060	0.041304942	880.177
CL158	Contig12	25000	225	0.014	0.040784866	954.543
CL158	Contig29	25000	260	0.014	0.053708467	2699.04
CL161	Contig17	25000	289	0.017	0.056158278	409.688
CL161	Contig18	25000	172	0.011	0.058612327	511.772
CL161	Contig20	25000	367	0.023	0.045043303	645.018
CL161	Contig29	25000	201	0.014	0.048513573	365.025
CL161	Contig45	25000	155	0.010	0.049254874	485.254
CL164	Contig12	25000	1136	0.081	0.039089250	755.185
CL166	Contig28	25000	211	0.017	0.043735029	2026.74
CL168	Contig12	25000	246	0.015	0.042191854	622.432
CL168	Contig14	25000	328	0.018	0.053458526	1038.88
CL168	Contig19	25000	550	0.034	0.039882297	622.805
CL179	Contig28	25000	239	0.011	0.080885427	2586.1
CL184	Contig2	25000	314	0.015	0.070735555	831.831
CL186	Contig18	25000	316	0.026	0.032000799	1062.38
CL188	Contig17	25000	221	0.013	0.060302675	1848.54
CL195	Contig2	25000	235	0.015	0.037391005	605.14
CL195	Contig9	25000	106	0.011	0.032618343	236.621
CL195	Contig14	25000	270	0.017	0.046735403	509.183
CL200	Contig1	25000	654	0.043	0.040075721	716.05
CL202	Contig11	25000	242	0.023	0.039907255	830.878
CL204	Contig3	25000	447	0.020	0.066056301	760.974
CL213	Contig1	25000	67	0.013	0.011688251	220.563
CL213	Contig5	25000	201	0.030	0.016126751	465.579
CL217	Contig1	25000	411	0.029	0.037654833	525.004
CL217	Contig3	25000	124	0.011	0.041731380	323.485
CL237	Contig3	25000	312	0.014	0.054081591	936.119
CL242	Contig6	25000	375	0.017	0.051012788	754.317
CL262	Contig2	25000	201	0.015	0.025843631	374.228
CL266	Contig4	25000	334	0.017	0.050326464	582.035
CL268	Contig16	25000	165	0.011	0.050802573	289.054
CL270	Contig2	25000	311	0.015	0.053421557	459.169
CL270	Contig6	25000	243	0.011	0.053651417	513.558
CL293	Contig4	25000	216	0.014	0.034663804	589.554
CL296	Contig4	25000	151	0.011	0.039381763	602.46
CL326	Contig1	25000	0	0.011	0.000000000	922.811
CL335	Contig4	25000	201	0.011	0.051751715	504.793
CL351	Contig2	25000	309	0.016	0.049793093	448.611
CL358	Contig1	25000	215	0.012	0.049420753	279.238
CL358	Contig2	25000	172	0.010	0.051932927	380.22
CL368	Contig1	25000	248	0.011	0.064946846	492.512
CL378	Contig1	25000	236	0.015	0.041344476	285.949
CL395	Contig1	25000	171	0.012	0.030960046	421.834
CL402	Contig1	25000	210	0.012	0.041819369	537.562
CL432	Contig1	25000	226	0.011	0.067567360	404.08
CL435	Contig1	25000	162	0.011	0.031630903	360.369
CL452	Contig2	25000	139	0.010	0.044557183	329.609
CL479	Contig1	25000	94	0.010	0.022448259	363.324
CL482	Contig1	25000	181	0.013	0.029845070	459.44
CL489	Contig1	25000	204	0.014	0.044132784	305.651
CL496	Contig2	25000	110	0.011	0.026065333	197.745
CL508	Contig2	25000	206	0.012	0.057278480	289.867
CL511	Contig1	25000	203	0.011	0.064955502	287.745
CL530	Contig4	25000	79	0.010	0.022986994	214.298
CL561	Contig1	25000	187	0.011	0.040714530	315.263
CL652	Contig2	25000	39	0.010	0.017362523	110.33
CL934	Contig1	25000	67	0.011	0.028588643	112.479
CL7	Contig169	25000	323	0.015	0.060376116	1197.38
CL7	Contig183	25000	386	0.016	0.080465081	1949.23
CL7	Contig232	25000	323	0.012	0.086345783	4320.47
CL7	Contig262	25000	640	0.026	0.075701240	2268.33
CL7	Contig315	25000	247	0.011	0.069405292	745.639
CL7	Contig322	25000	339	0.011	0.102429877	6357.34
CL7	Contig327	25000	274	0.010	0.091113336	3002.4
CL7	Contig367	25000	266	0.012	0.061899733	1314.06
CL7	Contig449	25000	448	0.018	0.079394505	3059.21
CL7	Contig451	25000	411	0.016	0.076426651	2096.24
CL7	Contig453	25000	333	0.015	0.066754631	870.36
CL7	Contig465	25000	287	0.011	0.086221383	1337.9
CL7	Contig498	25000	312	0.011	0.088500473	2333.49
CL7	Contig539	25000	292	0.010	0.091209152	3434.37
CL7	Contig607	25000	409	0.018	0.069372230	1736.93
CL7	Contig773	25000	338	0.012	0.091113318	3768.95
CL7	Contig775	25000	326	0.010	0.096518825	6750.54
CL7	Contig806	25000	278	0.012	0.078603039	2804.1
CL7	Contig807	25000	324	0.014	0.070606204	1540.25
CL7	Contig830	25000	304	0.011	0.081974492	4725.09
CL7	Contig848	25000	372	0.015	0.071902043	1341.58
CL7	Contig860	25000	447	0.016	0.082996445	2972.42
CL7	Contig905	25000	256	0.011	0.072415429	1309.76
CL7	Contig908	25000	433	0.017	0.070446681	2930.64
CL7	Contig929	25000	386	0.014	0.085465715	2383.16
CL7	Contig942	25000	248	0.011	0.070842605	905.289
CL7	Contig947	25000	453	0.016	0.085511750	3302.38
CL7	Contig978	25000	344	0.016	0.052723421	681.9
CL7	Contig990	25000	199	0.011	0.048031450	518.371
CL7	Contig1019	25000	289	0.012	0.085053167	3142.84
CL7	Contig1051	25000	312	0.010	0.094685248	4792.12
CL7	Contig1173	25000	815	0.030	0.083250580	3622.63
CL7	Contig1262	25000	231	0.011	0.062648630	1324.84
CL7	Contig1286	25000	342	0.013	0.090764827	3166.08
CL7	Contig1323	25000	198	0.010	0.053961226	667.866
CL7	Contig1337	25000	302	0.012	0.079419125	1770.84
CL7	Contig1354	25000	373	0.013	0.089228369	4110.64
CL7	Contig1358	25000	301	0.012	0.086214036	3923.75
CL7	Contig1389	25000	304	0.012	0.084497646	3738.81
CL7	Contig1416	25000	318	0.011	0.095687103	6243.12
CL7	Contig1418	25000	416	0.014	0.091463553	5467.47
CL7	Contig1477	25000	381	0.013	0.097494072	1397.39
CL7	Contig1520	25000	312	0.011	0.096694733	2209.21
CL14	Contig15	25000	135	0.013	0.028344009	6814.2
CL14	Contig54	25000	142	0.012	0.038681713	7041.07
CL14	Contig140	25000	267	0.013	0.062731806	5821.46
CL14	Contig143	25000	166	0.010	0.058639173	7293.45
CL17	Contig226	25000	213	0.010	0.075826576	7514.33
CL17	Contig227	25000	136	0.011	0.041122875	7652.49
CL17	Contig231	25000	140	0.010	0.036516089	6700.77
CL17	Contig265	25000	99	0.012	0.018959534	7701.68
CL22	Contig279	25000	276	0.012	0.091628464	6232.46
CL22	Contig340	25000	276	0.015	0.044073611	525.916
CL22	Contig454	25000	242	0.014	0.046326014	523.878
CL22	Contig485	25000	432	0.017	0.095467913	5743.76
CL22	Contig534	25000	256	0.011	0.090801404	6627.25
CL22	Contig773	25000	312	0.013	0.093505361	6885.83
CL22	Contig836	25000	279	0.012	0.105143275	6145.18
CL22	Contig948	25000	325	0.013	0.092242070	5209.92
CL22	Contig978	25000	290	0.012	0.101470129	6359.02
CL22	Contig1083	25000	236	0.011	0.065740612	4857.43
CL22	Contig1098	25000	240	0.010	0.082560606	5483.35
CL22	Contig1205	25000	195	0.011	0.059133336	6126.96
CL22	Contig1275	25000	276	0.012	0.084234981	4525.58
CL22	Contig1337	25000	314	0.011	0.100770579	4032.34
CL23	Contig100	25000	394	0.016	0.089735624	4369.01
CL23	Contig164	25000	319	0.012	0.090967250	4595.88
CL23	Contig214	25000	325	0.026	0.053353014	7469.64
CL23	Contig361	25000	187	0.013	0.049607796	6869.79
CL23	Contig421	25000	266	0.013	0.062370786	4580.4
CL23	Contig427	25000	284	0.018	0.062163464	6607.13
CL23	Contig430	25000	331	0.016	0.066592483	5531.06
CL23	Contig444	25000	217	0.015	0.053443047	6868.21
CL23	Contig445	25000	256	0.015	0.061603359	5008.42
CL23	Contig489	25000	223	0.012	0.072117530	3611.08
CL23	Contig543	25000	226	0.010	0.082155457	2282.02
CL23	Contig561	25000	226	0.012	0.063442982	7140.64
CL29	Contig5	25000	26	0.033	0.004958876	7619.08
CL29	Contig6	25000	20	0.018	0.005221228	6912.62
CL42	Contig107	25000	338	0.023	0.048318423	7804.68
CL42	Contig110	25000	279	0.021	0.046656419	7658.33
CL42	Contig121	25000	307	0.024	0.041783095	7682.79
CL45	Contig153	25000	180	0.011	0.059820567	5657.45
CL45	Contig158	25000	155	0.010	0.048941759	4496.37
CL45	Contig364	25000	210	0.011	0.045511605	438.258
CL45	Contig482	25000	133	0.011	0.039908537	5574.73
CL45	Contig547	25000	113	0.010	0.038915304	6333.94
CL45	Contig581	25000	179	0.011	0.057872394	5663.16
CL52	Contig64	25000	322	0.012	0.075027764	526.461
CL52	Contig123	25000	391	0.017	0.068733850	1740.17
CL52	Contig179	25000	1320	0.084	0.042401098	5537.78
CL52	Contig206	25000	279	0.011	0.073842197	588.034
CL52	Contig291	25000	261	0.017	0.046151700	5463.17
CL52	Contig301	25000	371	0.015	0.083324671	1934.41
CL52	Contig320	25000	267	0.012	0.076158475	3016.32
CL73	Contig56	25000	163	0.012	0.053072491	2682.84
CL73	Contig101	25000	283	0.021	0.057554712	1460.55
CL73	Contig161	25000	223	0.019	0.054285759	2481.38
CL73	Contig162	25000	269	0.018	0.041275261	1753.75
CL73	Contig172	25000	168	0.010	0.055772674	4503.59
CL73	Contig200	25000	173	0.011	0.054439490	3079.78
CL73	Contig237	25000	285	0.020	0.049691683	4291.08
CL73	Contig252	25000	193	0.010	0.075025104	896.795
CL76	Contig11	25000	112	0.012	0.033904270	2035.17
CL76	Contig21	25000	272	0.028	0.026099472	2354.61
CL76	Contig36	25000	128	0.017	0.019869502	4076.49
CL76	Contig48	25000	630	0.064	0.026055990	5478.34
CL80	Contig149	25000	269	0.012	0.081899674	5041.07
CL84	Contig63	25000	1344	0.092	0.033579387	4569.19
CL85	Contig29	25000	194	0.013	0.051168047	833.603
CL85	Contig34	25000	158	0.012	0.063142222	822.674
CL85	Contig80	25000	443	0.024	0.046443867	687.205
CL85	Contig85	25000	212	0.013	0.054977590	631.844
CL85	Contig110	25000	250	0.013	0.070371850	729.248
CL85	Contig121	25000	327	0.018	0.045286126	710.786
CL85	Contig129	25000	320	0.019	0.053522693	687.147
CL85	Contig139	25000	190	0.012	0.058883656	654.212
CL85	Contig177	25000	781	0.051	0.035063226	744.388
CL85	Contig215	25000	206	0.014	0.049168342	838.418
CL85	Contig225	25000	190	0.011	0.043971179	791.315
CL85	Contig231	25000	1064	0.081	0.050747788	1073.98
CL85	Contig238	25000	248	0.017	0.039474566	800.731
CL85	Contig264	25000	299	0.019	0.038429165	837.482
CL85	Contig265	25000	241	0.014	0.063560329	700.059
CL85	Contig273	25000	167	0.011	0.056839681	717.905
CL86	Contig1	25000	44	0.019	0.007649866	7520.07
CL95	Contig38	25000	317	0.020	0.043874766	913.141
CL95	Contig70	25000	1195	0.076	0.044576710	2357.13
CL95	Contig72	25000	307	0.023	0.036403720	659.452
CL95	Contig87	25000	604	0.036	0.049242064	1304.72
CL95	Contig92	25000	227	0.015	0.042114182	1113.18
CL98	Contig4	25000	158	0.014	0.027828556	889.542
CL98	Contig13	25000	143	0.012	0.042746280	912.917
CL98	Contig81	25000	291	0.020	0.043342275	5366.24
CL123	Contig20	25000	400	0.034	0.025839320	1403.72
CL123	Contig68	25000	174	0.010	0.057858605	2592.79
CL123	Contig110	25000	155	0.011	0.029518557	1426.67
CL126	Contig1	25000	67	0.106	0.000697560	1508.91
CL129	Contig6	25000	165	0.012	0.032412947	343.322
CL129	Contig28	25000	264	0.015	0.049619585	678.529
CL129	Contig69	25000	97	0.010	0.019190152	1120.96
CL129	Contig81	25000	111	0.010	0.021734423	862.393
CL129	Contig87	25000	122	0.012	0.019978274	2452.77
CL130	Contig2	25000	463	0.042	0.019317257	637.297
CL130	Contig3	25000	433	0.031	0.028287887	750.273
CL130	Contig5	25000	207	0.019	0.019758563	635.245
CL130	Contig8	25000	191	0.015	0.024901024	660.12
CL130	Contig13	25000	353	0.026	0.032280621	1047.25
CL130	Contig14	25000	113	0.011	0.023631799	752.306
CL130	Contig16	25000	196	0.019	0.016295580	570.74
CL130	Contig20	25000	225	0.025	0.020332138	601.576
CL132	Contig1	25000	1319	0.089	0.029210946	1707.82
CL133	Contig72	25000	812	0.075	0.032102458	1440.57
CL135	Contig1	25000	34	0.073	0.000885586	1704.75
CL136	Contig26	25000	213	0.013	0.042770394	1243.72
CL136	Contig44	25000	126	0.011	0.046403610	2045.53
CL136	Contig73	25000	172	0.011	0.037785872	702.308
CL137	Contig62	25000	76	0.011	0.026309052	352.667
CL139	Contig2	25000	69	0.075	0.001667055	1588.43
CL142	Contig1	25000	40	0.074	0.001004303	1531.07
CL145	Contig92	25000	479	0.028	0.044813387	743.171
CL147	Contig16	25000	1034	0.055	0.043790079	1072.93
CL147	Contig19	25000	195	0.011	0.040862909	928.347
CL147	Contig24	25000	310	0.017	0.041660904	921.471
CL147	Contig29	25000	141	0.011	0.032576532	545.835
CL148	Contig6	25000	245	0.011	0.052995928	3051.67
CL148	Contig13	25000	267	0.011	0.067614900	3357.4
CL159	Contig15	25000	311	0.031	0.024675884	746.303
CL159	Contig21	25000	182	0.019	0.036702727	2193.94
CL162	Contig6	25000	202	0.017	0.041575134	860.829
CL162	Contig7	25000	150	0.013	0.032775240	1056.7
CL162	Contig9	25000	221	0.023	0.030384526	1127.04
CL162	Contig12	25000	180	0.014	0.036826789	487.247
CL162	Contig16	25000	107	0.014	0.016929694	466.985
CL165	Contig1	25000	32	0.047	0.001270086	1359.98
CL169	Contig53	25000	273	0.010	0.084252589	2119.99
CL170	Contig7	25000	180	0.014	0.027726066	457.325
CL170	Contig33	25000	128	0.010	0.037795958	483.397
CL170	Contig57	25000	159	0.011	0.061881929	769.837
CL172	Contig2	25000	531	0.052	0.022796634	852.345
CL177	Contig1	25000	16	0.035	0.000473557	1245.81
CL189	Contig3	25000	421	0.025	0.041968695	1310.53
CL196	Contig7	25000	227	0.014	0.040719113	1184.33
CL203	Contig1	25000	29	0.026	0.001196165	1046.51
CL220	Contig6	25000	154	0.010	0.052961194	211.463
CL230	Contig20	25000	221	0.011	0.079427311	567.877
CL233	Contig1	25000	234	0.015	0.050776863	423.503
CL233	Contig5	25000	274	0.010	0.086112191	513.878
CL241	Contig7	25000	182	0.012	0.055292802	726.919
CL248	Contig7	25000	379	0.015	0.075536137	680.017
CL252	Contig8	25000	220	0.011	0.056509379	1346.87
CL265	Contig5	25000	287	0.016	0.044565490	598.082
CL272	Contig2	25000	238	0.013	0.048335910	801.989
CL283	Contig3	25000	340	0.016	0.056937444	425.659
CL298	Contig6	25000	103	0.011	0.025059345	238.789
CL298	Contig7	25000	171	0.013	0.035107807	358.933
CL307	Contig1	25000	193	0.014	0.043258895	851.227
CL324	Contig1	25000	168	0.014	0.023708257	699.168
CL347	Contig2	25000	114	0.011	0.049746791	369.308
CL350	Contig3	25000	253	0.013	0.051200912	525.57
CL376	Contig2	25000	151	0.013	0.030139587	379.658
CL401	Contig6	25000	217	0.012	0.073211101	424.782
CL424	Contig1	25000	206	0.010	0.054787250	411.887
CL448	Contig2	25000	226	0.014	0.043918191	304.786
CL450	Contig1	25000	86	0.011	0.022439370	354.93
CL453	Contig1	25000	102	0.013	0.014185127	389.436
CL463	Contig5	25000	198	0.011	0.067977363	415.56
CL501	Contig1	25000	156	0.010	0.039538367	354.792
CL504	Contig1	25000	182	0.011	0.056903678	352.657
CL525	Contig1	25000	169	0.011	0.044929824	258.871
CL630	Contig2	25000	176	0.011	0.062234318	252.434
CL810	Contig1	25000	48	0.010	0.014954200	264.798
