CL10	Contig141	25000	122	0.010	0.052501865	6319.37
CL31	Contig2035	25000	324	0.015	0.066958903	1533.52
CL32	Contig454	25000	224	0.010	0.080870685	5504.32
CL32	Contig622	25000	310	0.011	0.080788455	2730.77
CL84	Contig247	25000	331	0.016	0.057811046	7528.89
CL97	Contig45	25000	230	0.011	0.061190942	330.333
CL97	Contig49	25000	255	0.013	0.056377064	769.303
CL97	Contig138	25000	118	0.015	0.013912848	239.156
CL97	Contig163	25000	543	0.026	0.057641115	749.848
CL97	Contig248	25000	842	0.043	0.054766556	862.489
CL97	Contig335	25000	401	0.021	0.047262436	443.043
CL97	Contig433	25000	239	0.012	0.045055566	435.306
CL97	Contig506	25000	181	0.010	0.043940077	383.351
CL115	Contig35	25000	228	0.010	0.061584530	1172.48
CL115	Contig58	25000	254	0.013	0.059177211	1399.02
CL115	Contig139	25000	207	0.011	0.050644723	6443.03
CL128	Contig218	25000	143	0.011	0.044143051	2572.18
CL136	Contig12	25000	339	0.022	0.031387085	5072.75
CL138	Contig194	25000	238	0.011	0.066913397	2365.83
CL138	Contig529	25000	280	0.016	0.048570014	1714.63
CL150	Contig342	25000	229	0.014	0.046082074	854.468
CL183	Contig262	25000	174	0.011	0.051325360	712.951
CL183	Contig310	25000	255	0.011	0.049991343	385.186
CL193	Contig11	25000	723	0.046	0.046402301	583.717
CL193	Contig135	25000	429	0.027	0.046705529	529.607
CL193	Contig164	25000	170	0.013	0.046319386	390.154
CL193	Contig195	25000	184	0.011	0.046996054	583.759
CL195	Contig398	25000	223	0.013	0.045857089	252.553
CL195	Contig414	25000	179	0.014	0.041630923	224.968
CL196	Contig72	25000	228	0.011	0.068780832	549.575
CL196	Contig82	25000	207	0.010	0.064648239	743.387
CL196	Contig144	25000	395	0.023	0.052625714	1636.7
CL199	Contig48	25000	230	0.016	0.042093748	1651.1
CL199	Contig79	25000	186	0.011	0.052080128	1768.51
CL202	Contig229	25000	139	0.010	0.041866525	510.699
CL209	Contig28	25000	240	0.022	0.022334067	247.958
CL209	Contig40	25000	205	0.012	0.050461299	1358.31
CL209	Contig60	25000	470	0.030	0.042545479	1168.7
CL214	Contig378	25000	157	0.015	0.028278840	1838.88
CL217	Contig34	25000	190	0.012	0.059045605	3564.73
CL249	Contig10	25000	272	0.014	0.050818448	1035.8
CL249	Contig125	25000	237	0.016	0.044166476	1589.1
CL251	Contig201	25000	298	0.011	0.079195438	1572.66
CL297	Contig42	25000	148	0.011	0.052963221	1865.32
CL299	Contig8	25000	314	0.026	0.037649880	1346.23
CL301	Contig6	25000	156	0.011	0.051909082	1041.46
CL301	Contig24	25000	174	0.012	0.045733420	1015.55
CL302	Contig17	25000	205	0.013	0.056430294	2013.19
CL303	Contig2	25000	145	0.013	0.030051788	189.161
CL304	Contig17	25000	159	0.012	0.039842359	561.252
CL304	Contig37	25000	132	0.012	0.045743319	878.573
CL305	Contig11	25000	205	0.011	0.060256291	506.918
CL305	Contig68	25000	184	0.010	0.065693607	652.093
CL306	Contig169	25000	160	0.018	0.032083685	380.317
CL307	Contig1	25000	222	0.015	0.037497212	1046.65
CL307	Contig35	25000	216	0.015	0.042509461	690.207
CL314	Contig146	25000	139	0.010	0.047353872	640.841
CL316	Contig4	25000	137	0.037	0.011177576	698.105
CL316	Contig6	25000	92	0.014	0.010155359	165.46
CL323	Contig53	25000	240	0.012	0.065367155	690.538
CL327	Contig21	25000	260	0.013	0.064379473	994.534
CL334	Contig1	25000	42	0.055	0.000658637	460.588
CL337	Contig38	25000	172	0.010	0.054933516	728.166
CL340	Contig10	25000	149	0.016	0.032739381	1402.13
CL364	Contig85	25000	268	0.014	0.054193781	780.635
CL382	Contig8	25000	162	0.014	0.035891978	818.515
CL388	Contig8	25000	135	0.011	0.043896897	462.675
CL392	Contig15	25000	179	0.013	0.031131858	403.734
CL406	Contig48	25000	172	0.012	0.028622047	206.341
CL409	Contig3	25000	194	0.012	0.052588395	748.148
CL417	Contig31	25000	266	0.014	0.048745961	328.403
CL417	Contig56	25000	187	0.011	0.054930694	202.38
CL421	Contig5	25000	191	0.014	0.025889499	195.457
CL421	Contig8	25000	161	0.012	0.030827882	252.358
CL421	Contig27	25000	180	0.012	0.026342242	250.449
CL423	Contig1	25000	92	0.051	0.001787760	246.763
CL427	Contig18	25000	279	0.012	0.063092449	826.809
CL435	Contig29	25000	209	0.011	0.049895467	391.226
CL453	Contig9	25000	396	0.033	0.025808953	269.322
CL476	Contig1	25000	13	0.014	0.000935802	742.399
CL489	Contig6	25000	215	0.013	0.050129126	395.413
CL494	Contig1	25000	97	0.033	0.003178513	233.596
CL498	Contig22	25000	246	0.013	0.050664267	266.902
CL509	Contig2	25000	250	0.020	0.019586520	239.144
CL533	Contig7	25000	211	0.010	0.056528651	699.22
CL543	Contig2	25000	258	0.026	0.025948965	278.764
CL548	Contig1	25000	49	0.027	0.001758099	258.491
CL575	Contig13	25000	96	0.010	0.016935978	264.204
CL590	Contig6	25000	76	0.011	0.022527023	237.075
CL602	Contig2	25000	63	0.022	0.003083560	221.371
CL642	Contig2	25000	273	0.013	0.050358488	171.296
CL645	Contig3	25000	269	0.014	0.042329813	171.55
CL651	Contig5	25000	155	0.016	0.020096629	225.333
CL656	Contig1	25000	10	0.018	0.000622051	231.905
CL661	Contig5	25000	133	0.012	0.024288358	320.415
CL664	Contig19	25000	131	0.012	0.034282143	204.827
CL689	Contig2	25000	58	0.019	0.003032572	210.666
CL692	Contig1	25000	103	0.010	0.026358146	369.083
CL699	Contig1	25000	17	0.017	0.001129986	233.798
CL710	Contig1	25000	43	0.016	0.002874135	235.815
CL720	Contig3	25000	192	0.012	0.033972301	212.882
CL795	Contig2	25000	20	0.012	0.002992841	329.642
CL801	Contig1	25000	118	0.018	0.008066336	147.151
CL805	Contig7	25000	214	0.011	0.046594926	147.326
CL808	Contig1	25000	30	0.014	0.002133200	232.977
CL823	Contig1	25000	36	0.016	0.002627971	208.803
CL844	Contig1	25000	134	0.013	0.019382291	183.597
CL877	Contig1	25000	37	0.011	0.003679415	207.7
CL888	Contig1	25000	182	0.012	0.027738467	177.713
CL902	Contig1	25000	18	0.011	0.001685291	243.174
CL918	Contig1	25000	21	0.011	0.001740161	197.314
CL924	Contig1	25000	28	0.011	0.002801415	203.719
CL940	Contig1	25000	12	0.012	0.000808289	205.143
CL1096	Contig1	25000	166	0.012	0.023864788	104.238
CL11	Contig645	25000	271	0.010	0.081326199	2077.11
CL22	Contig1546	25000	250	0.011	0.082255578	1943.73
CL29	Contig1071	25000	261	0.013	0.060345881	4280.28
CL34	Contig63	25000	178	0.010	0.054923097	6594.63
CL38	Contig1890	25000	182	0.011	0.062556314	1117.22
CL39	Contig859	25000	264	0.014	0.070322000	3919.97
CL42	Contig342	25000	231	0.012	0.055954947	1197.75
CL42	Contig851	25000	216	0.013	0.064565785	2032.28
CL59	Contig400	25000	236	0.011	0.079063114	1074.34
CL61	Contig264	25000	251	0.014	0.067923053	5446.87
CL79	Contig884	25000	219	0.011	0.072475961	1593.99
CL80	Contig873	25000	182	0.012	0.061187462	737.383
CL87	Contig324	25000	230	0.012	0.059691708	3416.03
CL87	Contig765	25000	224	0.013	0.053880494	2926.2
CL89	Contig549	25000	270	0.012	0.093682146	2504.72
CL91	Contig168	25000	138	0.010	0.050856173	5246.74
CL101	Contig223	25000	270	0.011	0.076445168	1713.6
CL101	Contig270	25000	249	0.010	0.084083646	821.698
CL120	Contig355	25000	390	0.025	0.053392944	3338.38
CL132	Contig188	25000	182	0.013	0.041386739	3427.71
CL132	Contig201	25000	162	0.013	0.041584031	4344.22
CL137	Contig170	25000	239	0.013	0.056714551	6060.53
CL142	Contig1	25000	285	0.014	0.056848037	861.048
CL142	Contig117	25000	356	0.017	0.069798795	471.116
CL142	Contig186	25000	175	0.011	0.040771484	611.343
CL142	Contig420	25000	207	0.011	0.046525623	1102.28
CL142	Contig454	25000	320	0.022	0.032920587	672.043
CL149	Contig81	25000	103	0.011	0.033686943	757.981
CL149	Contig130	25000	134	0.013	0.032947889	1495.69
CL149	Contig171	25000	179	0.017	0.036675526	644.792
CL149	Contig179	25000	150	0.014	0.038707481	1174.7
CL151	Contig35	25000	226	0.011	0.054692754	977.06
CL151	Contig275	25000	199	0.014	0.044145149	603.328
CL151	Contig328	25000	322	0.019	0.042923878	692.984
CL156	Contig87	25000	259	0.016	0.045005656	3178.53
CL170	Contig382	25000	379	0.023	0.057680310	548.107
CL173	Contig403	25000	135	0.011	0.041783101	1907.15
CL173	Contig439	25000	141	0.015	0.030274226	2034.5
CL175	Contig463	25000	161	0.010	0.056043274	912.09
CL176	Contig11	25000	295	0.012	0.088241804	1093.79
CL176	Contig115	25000	217	0.012	0.064621797	703.344
CL225	Contig41	25000	136	0.010	0.038141161	558.354
CL225	Contig112	25000	210	0.013	0.040036443	490.429
CL225	Contig168	25000	288	0.015	0.054295731	455.743
CL253	Contig78	25000	319	0.018	0.045896678	854.993
CL253	Contig80	25000	468	0.028	0.040943057	812.612
CL259	Contig2	25000	236	0.019	0.033445495	1694.75
CL266	Contig37	25000	284	0.017	0.044719923	851.903
CL266	Contig44	25000	167	0.010	0.046826912	996.411
CL266	Contig96	25000	204	0.014	0.042697560	869.414
CL267	Contig68	25000	66	0.014	0.010324272	287.682
CL267	Contig108	25000	256	0.016	0.048008466	743.747
CL267	Contig143	25000	324	0.021	0.042393005	389.993
CL268	Contig6	25000	128	0.011	0.032357913	602.764
CL268	Contig112	25000	298	0.022	0.042593823	744.417
CL318	Contig62	25000	227	0.015	0.037909245	343.528
CL318	Contig84	25000	244	0.014	0.047748417	670.497
CL320	Contig6	25000	176	0.012	0.049585917	346.239
CL320	Contig64	25000	158	0.011	0.037503548	599.451
CL320	Contig71	25000	267	0.020	0.036222764	541.018
CL328	Contig154	25000	250	0.013	0.049288674	328.374
CL329	Contig3	25000	25	0.051	0.000488498	496.873
CL333	Contig34	25000	288	0.015	0.047272844	425.126
CL341	Contig1	25000	172	0.091	0.001940771	254.161
CL356	Contig4	25000	156	0.012	0.033857502	614.792
CL356	Contig9	25000	141	0.014	0.029718713	585.808
CL357	Contig24	25000	307	0.022	0.045431401	1004.25
CL365	Contig1	25000	239	0.015	0.046086106	250.204
CL365	Contig19	25000	124	0.010	0.045280664	149.665
CL367	Contig20	25000	239	0.015	0.033470041	1178.78
CL377	Contig95	25000	166	0.011	0.039901872	596.013
CL379	Contig2	25000	278	0.016	0.041902361	585.957
CL379	Contig17	25000	207	0.013	0.045762848	680.295
CL381	Contig1	25000	28	0.036	0.000739936	510.17
CL384	Contig4	25000	252	0.016	0.048810528	707.668
CL391	Contig6	25000	168	0.011	0.042334280	523.979
CL391	Contig31	25000	195	0.011	0.047850916	639.597
CL396	Contig54	25000	140	0.010	0.046932206	313.792
CL416	Contig2	25000	23	0.020	0.001254181	850.464
CL430	Contig11	25000	195	0.014	0.037540074	166.272
CL430	Contig56	25000	165	0.010	0.039905123	259.021
CL445	Contig113	25000	164	0.011	0.047273550	204.16
CL448	Contig3	25000	100	0.049	0.003229446	230.199
CL464	Contig23	25000	178	0.012	0.039260775	650.502
CL477	Contig1	25000	94	0.040	0.002106612	223.684
CL492	Contig1	25000	52	0.036	0.001264014	245.622
CL519	Contig1	25000	28	0.026	0.000949064	272.202
CL526	Contig1	25000	9	0.015	0.000491297	496.049
CL530	Contig1	25000	59	0.030	0.002709855	231.003
CL535	Contig1	25000	79	0.029	0.002737135	251.73
CL615	Contig3	25000	23	0.014	0.001623741	247.607
CL621	Contig4	25000	137	0.011	0.020355750	229.083
CL626	Contig7	25000	252	0.023	0.026831270	205.506
CL634	Contig14	25000	198	0.012	0.047876251	255.412
CL638	Contig1	25000	20	0.019	0.000999138	233.657
CL644	Contig1	25000	50	0.019	0.003720087	195.064
CL650	Contig1	25000	32	0.016	0.001706616	248.473
CL663	Contig4	25000	231	0.010	0.052736172	329.288
CL726	Contig1	25000	9	0.016	0.000523351	203.13
CL773	Contig1	25000	134	0.015	0.019166634	168.957
CL796	Contig1	25000	22	0.013	0.001621389	242.514
CL868	Contig1	25000	163	0.011	0.029364541	214.294
CL871	Contig3	25000	186	0.012	0.032665421	170.496
CL881	Contig1	25000	110	0.011	0.021742449	195.108
CL903	Contig2	25000	30	0.012	0.002516795	186.894
CL908	Contig1	25000	66	0.015	0.004993357	189.784
CL937	Contig1	25000	34	0.010	0.003013282	191.085
CL1358	Contig1	25000	85	0.010	0.015668525	81.1869
CL12	Contig1287	25000	365	0.014	0.099714517	2612.39
CL15	Contig972	25000	220	0.010	0.073845753	6092.66
CL23	Contig272	25000	227	0.011	0.065802188	5056.82
CL30	Contig184	25000	348	0.018	0.070044614	3218.25
CL30	Contig194	25000	192	0.011	0.064722742	2836.91
CL35	Contig324	25000	174	0.011	0.055195191	1112.65
CL35	Contig668	25000	159	0.015	0.037776199	789.065
CL35	Contig1321	25000	200	0.012	0.056284632	1433.06
CL35	Contig1396	25000	154	0.013	0.035727250	900.029
CL37	Contig19	25000	208	0.012	0.057123995	3595.73
CL37	Contig42	25000	142	0.010	0.034367471	553.651
CL37	Contig119	25000	207	0.015	0.040568792	5373.62
CL37	Contig317	25000	93	0.010	0.023317570	2650.68
CL43	Contig1170	25000	167	0.010	0.056907340	508.551
CL43	Contig1235	25000	254	0.018	0.050295048	1583.45
CL46	Contig95	25000	366	0.018	0.056040178	6871.62
CL54	Contig311	25000	247	0.011	0.074482597	2101.59
CL54	Contig920	25000	292	0.012	0.076987027	1456.25
CL56	Contig1099	25000	292	0.011	0.091026865	3318.74
CL60	Contig237	25000	176	0.010	0.057016401	6567.46
CL65	Contig643	25000	281	0.010	0.083382842	1895.24
CL65	Contig655	25000	302	0.017	0.042213232	5158.14
CL70	Contig249	25000	286	0.013	0.059903595	6175.19
CL70	Contig311	25000	245	0.011	0.062141395	5587.35
CL70	Contig439	25000	343	0.015	0.071169463	1036.87
CL74	Contig608	25000	170	0.010	0.069111551	1450.37
CL93	Contig319	25000	258	0.014	0.037280486	5327.11
CL102	Contig39	25000	121	0.011	0.052475011	2018.7
CL102	Contig168	25000	159	0.011	0.055349561	2085.33
CL105	Contig532	25000	210	0.011	0.053594093	1381.99
CL107	Contig16	25000	428	0.026	0.045112978	349.158
CL107	Contig93	25000	335	0.018	0.049820028	687.19
CL107	Contig106	25000	277	0.043	0.014664572	278.356
CL107	Contig137	25000	133	0.018	0.021359332	293.195
CL107	Contig207	25000	402	0.017	0.057997020	317.537
CL107	Contig237	25000	347	0.019	0.045610795	731.965
CL107	Contig315	25000	310	0.020	0.041352007	677.736
CL107	Contig322	25000	240	0.011	0.057998244	234.624
CL107	Contig324	25000	185	0.012	0.035246358	358.165
CL108	Contig8	25000	246	0.016	0.036555553	5474.25
CL108	Contig44	25000	248	0.013	0.040538280	3647.34
CL110	Contig528	25000	233	0.013	0.070376573	958.043
CL110	Contig763	25000	232	0.013	0.061805651	873.063
CL111	Contig2	25000	279	0.014	0.062987858	3310.44
CL144	Contig23	25000	284	0.015	0.064404360	1104.65
CL148	Contig34	25000	231	0.012	0.046529745	6797.95
CL160	Contig201	25000	156	0.011	0.045942570	292.871
CL192	Contig4	25000	282	0.018	0.045251711	1044.67
CL192	Contig61	25000	158	0.013	0.023321003	298.816
CL192	Contig65	25000	295	0.024	0.022679676	289.1
CL192	Contig85	25000	289	0.018	0.039801262	1302.48
CL201	Contig3	25000	347	0.018	0.050950540	739.903
CL201	Contig58	25000	547	0.043	0.036170572	930.515
CL208	Contig281	25000	275	0.011	0.073884404	1811.17
CL212	Contig66	25000	145	0.012	0.022159897	254.603
CL212	Contig98	25000	338	0.022	0.041551978	1078.05
CL216	Contig91	25000	238	0.012	0.040224991	4348.61
CL228	Contig36	25000	301	0.014	0.060302824	1150.59
CL228	Contig162	25000	291	0.013	0.064676155	1115.77
CL231	Contig94	25000	142	0.011	0.051634295	578.654
CL232	Contig182	25000	202	0.011	0.066755603	1170.21
CL234	Contig73	25000	169	0.012	0.030782339	346.137
CL240	Contig109	25000	335	0.019	0.046907934	1586.53
CL244	Contig47	25000	509	0.025	0.054603963	496.072
CL244	Contig81	25000	270	0.024	0.027600876	613.093
CL244	Contig82	25000	164	0.014	0.031762338	620.894
CL244	Contig91	25000	209	0.010	0.057370663	410.241
CL246	Contig5	25000	221	0.035	0.022308769	1311.28
CL256	Contig18	25000	184	0.011	0.041229778	180.733
CL256	Contig55	25000	178	0.010	0.039793344	353.239
CL256	Contig67	25000	273	0.017	0.053298274	499.723
CL256	Contig74	25000	416	0.024	0.047474311	424.463
CL256	Contig84	25000	199	0.013	0.037066560	165.123
CL256	Contig99	25000	203	0.011	0.050180486	499.88
CL264	Contig24	25000	307	0.016	0.048583117	1284.71
CL264	Contig123	25000	230	0.011	0.059109305	924.204
CL271	Contig5	25000	367	0.021	0.049185141	595.556
CL272	Contig2	25000	9	0.033	0.000910128	1197.68
CL280	Contig20	25000	695	0.042	0.039604401	484.536
CL280	Contig32	25000	346	0.021	0.042637100	583.013
CL281	Contig15	25000	200	0.010	0.046353733	494.738
CL283	Contig145	25000	332	0.017	0.065018476	676.836
CL284	Contig27	25000	328	0.015	0.061589662	533.036
CL284	Contig72	25000	186	0.010	0.051301003	717.715
CL284	Contig107	25000	218	0.011	0.059818543	831.851
CL310	Contig52	25000	166	0.011	0.042712896	199.132
CL310	Contig55	25000	299	0.014	0.058035031	443.825
CL310	Contig105	25000	251	0.011	0.069427124	328.944
CL312	Contig86	25000	145	0.011	0.028893309	176.043
CL312	Contig99	25000	182	0.013	0.037930877	1005.78
CL312	Contig111	25000	205	0.016	0.026577409	143.09
CL317	Contig1	25000	46	0.060	0.000719622	479.42
CL321	Contig3	25000	143	0.012	0.030347929	635.22
CL321	Contig34	25000	302	0.022	0.032589799	512.782
CL330	Contig6	25000	340	0.016	0.057616273	502.695
CL332	Contig1	25000	61	0.051	0.001056436	471.142
CL342	Contig31	25000	295	0.019	0.034742931	613.387
CL355	Contig26	25000	206	0.012	0.051829226	931.963
CL362	Contig16	25000	174	0.013	0.035816845	476.266
CL369	Contig8	25000	194	0.010	0.056675749	931.359
CL369	Contig68	25000	217	0.010	0.062423589	615.833
CL390	Contig2	25000	23	0.035	0.000582153	473.128
CL400	Contig1	25000	12	0.023	0.001248237	758.304
CL410	Contig14	25000	279	0.016	0.029668436	163.79
CL410	Contig16	25000	138	0.011	0.018576198	205.971
CL410	Contig17	25000	180	0.013	0.026633687	146.76
CL412	Contig8	25000	140	0.014	0.041736007	444.868
CL420	Contig1	25000	75	0.048	0.001397119	248.15
CL426	Contig1	25000	80	0.049	0.001600403	242.755
CL429	Contig29	25000	241	0.012	0.054051231	339.61
CL431	Contig38	25000	215	0.011	0.053351223	493.522
CL491	Contig5	25000	180	0.010	0.049605650	431.508
CL496	Contig1	25000	74	0.036	0.001940829	248.645
CL512	Contig1	25000	17	0.030	0.000539966	260.723
CL518	Contig1	25000	39	0.029	0.001301030	254.96
CL523	Contig1	25000	43	0.031	0.001430324	218.356
CL527	Contig1	25000	71	0.029	0.002548177	252.772
CL536	Contig5	25000	212	0.021	0.023229409	301.768
CL539	Contig1	25000	32	0.026	0.001252834	260.53
CL547	Contig14	25000	213	0.012	0.035180596	153.527
CL557	Contig1	25000	57	0.026	0.002254579	244.257
CL585	Contig4	25000	135	0.016	0.016856519	247.641
CL589	Contig1	25000	76	0.026	0.003257858	211.851
CL594	Contig2	25000	75	0.021	0.004540060	219.596
CL606	Contig15	25000	167	0.010	0.031336424	193.508
CL619	Contig1	25000	42	0.021	0.002695838	228.13
CL628	Contig3	25000	164	0.022	0.012178863	154.906
CL637	Contig9	25000	219	0.014	0.031782275	211.97
CL640	Contig8	25000	159	0.014	0.029111994	170.105
CL649	Contig1	25000	57	0.020	0.002622461	214.405
CL660	Contig1	25000	19	0.012	0.001467540	378.276
CL672	Contig1	25000	30	0.018	0.001732513	249.814
CL678	Contig1	25000	35	0.016	0.002808476	266.403
CL684	Contig1	25000	122	0.010	0.023855884	311.618
CL691	Contig1	25000	22	0.016	0.001163979	241.214
CL694	Contig1	25000	19	0.017	0.001224753	221.966
CL722	Contig1	25000	229	0.011	0.052467969	268.056
CL742	Contig2	25000	142	0.012	0.028248269	193.942
CL750	Contig2	25000	142	0.011	0.027351218	153.242
CL756	Contig1	25000	34	0.016	0.001803312	216.664
CL761	Contig1	25000	29	0.016	0.001576928	198.134
CL767	Contig3	25000	143	0.012	0.025105502	173.081
CL770	Contig1	25000	27	0.012	0.002046170	239.745
CL786	Contig1	25000	177	0.014	0.021918600	168.273
CL803	Contig3	25000	42	0.013	0.003584458	243.174
CL865	Contig1	25000	28	0.011	0.003192296	219.832
CL999	Contig1	25000	142	0.016	0.017422768	109.466
CL1011	Contig1	25000	149	0.015	0.016840456	113.817
CL1057	Contig5	25000	140	0.010	0.042284297	127.464
CL1076	Contig1	25000	88	0.012	0.012724201	101.402
CL4	Contig905	25000	347	0.015	0.086097269	2464.47
CL4	Contig1279	25000	283	0.011	0.097781336	4602
CL9	Contig1227	25000	227	0.010	0.086295386	3564.87
CL13	Contig1281	25000	322	0.013	0.088289438	3921.48
CL17	Contig709	25000	333	0.016	0.060697308	3243.08
CL17	Contig784	25000	307	0.013	0.070441804	3398.09
CL17	Contig869	25000	423	0.022	0.059289356	1896.26
CL17	Contig1241	25000	282	0.010	0.072744239	1059.03
CL40	Contig754	25000	305	0.015	0.073442293	3959.26
CL49	Contig799	25000	181	0.010	0.073579901	1329.96
CL86	Contig719	25000	329	0.022	0.048192678	565.539
CL86	Contig731	25000	129	0.011	0.034673937	119.13
CL86	Contig921	25000	128	0.011	0.040625517	484.513
CL96	Contig200	25000	276	0.014	0.053634429	959.043
CL96	Contig277	25000	219	0.014	0.049279079	1693.99
CL96	Contig309	25000	421	0.021	0.058194430	689.143
CL96	Contig482	25000	226	0.014	0.043531970	1186.4
CL96	Contig495	25000	113	0.011	0.024374535	853.948
CL123	Contig9	25000	288	0.013	0.067502557	729.012
CL123	Contig29	25000	305	0.017	0.048297060	588.039
CL123	Contig171	25000	606	0.028	0.066441537	753.636
CL123	Contig305	25000	790	0.044	0.046872272	656.402
CL123	Contig314	25000	406	0.022	0.048406797	615.255
CL123	Contig336	25000	374	0.019	0.061877330	707.815
CL129	Contig80	25000	619	0.037	0.042467728	714.592
CL129	Contig131	25000	514	0.028	0.038728228	326.835
CL129	Contig186	25000	254	0.012	0.051078122	649.526
CL129	Contig277	25000	442	0.030	0.040658189	711.484
CL129	Contig278	25000	221	0.014	0.039536152	586.006
CL129	Contig284	25000	252	0.011	0.061876850	276.076
CL129	Contig286	25000	319	0.016	0.051378164	871.215
CL155	Contig118	25000	187	0.012	0.041327918	2135.35
CL158	Contig434	25000	214	0.014	0.066548615	685.511
CL161	Contig9	25000	185	0.014	0.050178649	307.097
CL161	Contig50	25000	198	0.014	0.030194590	223.629
CL161	Contig69	25000	153	0.017	0.023707712	356.21
CL161	Contig87	25000	295	0.029	0.032660244	346.855
CL161	Contig218	25000	160	0.011	0.046307388	145.572
CL166	Contig162	25000	213	0.013	0.052968048	3453.98
CL169	Contig1	25000	596	0.032	0.045844259	843.157
CL169	Contig133	25000	874	0.048	0.044768662	904.536
CL171	Contig102	25000	257	0.011	0.076874184	2869.8
CL180	Contig20	25000	281	0.015	0.049206399	2575.75
CL184	Contig430	25000	328	0.016	0.073108985	798.493
CL186	Contig21	25000	122	0.012	0.023879938	334.706
CL186	Contig47	25000	142	0.011	0.044958949	3190.63
CL186	Contig57	25000	138	0.010	0.034261784	673.357
CL200	Contig357	25000	153	0.013	0.024855502	748.561
CL210	Contig113	25000	165	0.018	0.026616575	197.938
CL210	Contig147	25000	238	0.021	0.032516808	195.486
CL210	Contig321	25000	233	0.010	0.068310530	476.223
CL210	Contig325	25000	192	0.017	0.032272384	172.488
CL210	Contig352	25000	212	0.011	0.060175609	246.721
CL219	Contig29	25000	137	0.010	0.042843007	1719.89
CL219	Contig39	25000	298	0.015	0.055914495	886.101
CL219	Contig46	25000	110	0.013	0.030998739	2246.61
CL221	Contig4	25000	412	0.029	0.043018066	718.525
CL221	Contig84	25000	223	0.013	0.045937239	248.284
CL221	Contig155	25000	350	0.020	0.045908267	402.759
CL230	Contig24	25000	211	0.011	0.049480115	3592.78
CL230	Contig31	25000	216	0.011	0.038729438	810.782
CL239	Contig28	25000	337	0.019	0.054044524	801.928
CL239	Contig98	25000	265	0.015	0.056017131	866.733
CL252	Contig2	25000	372	0.052	0.021106346	720.733
CL252	Contig13	25000	48	0.011	0.012037913	626.053
CL258	Contig10	25000	121	0.010	0.033755994	493.227
CL258	Contig13	25000	435	0.026	0.045038709	413.904
CL258	Contig44	25000	210	0.013	0.045622884	416.048
CL258	Contig65	25000	181	0.013	0.033350736	426.228
CL258	Contig94	25000	217	0.015	0.036949565	393.812
CL274	Contig78	25000	251	0.014	0.058530369	208.3
CL274	Contig111	25000	276	0.014	0.049488770	345.35
CL274	Contig150	25000	480	0.023	0.047319600	391.28
CL275	Contig29	25000	412	0.021	0.056312926	298.808
CL282	Contig66	25000	168	0.010	0.056621197	1042.77
CL292	Contig36	25000	195	0.010	0.056477581	750.4
CL292	Contig62	25000	262	0.016	0.047820533	847.955
CL295	Contig8	25000	247	0.019	0.037242122	1465.92
CL309	Contig5	25000	234	0.011	0.063517646	338.457
CL309	Contig59	25000	265	0.012	0.069073303	268.048
CL309	Contig62	25000	224	0.010	0.062714965	340.905
CL309	Contig90	25000	239	0.012	0.060925668	403.444
CL315	Contig2	25000	212	0.013	0.052400553	694.178
CL315	Contig10	25000	247	0.015	0.047528578	628.6
CL351	Contig2	25000	143	0.011	0.034227594	776.671
CL351	Contig8	25000	135	0.012	0.027335253	1513.29
CL359	Contig2	25000	145	0.080	0.001715969	257.864
CL361	Contig10	25000	171	0.010	0.034788253	268.113
CL361	Contig18	25000	212	0.012	0.039210335	282.625
CL361	Contig20	25000	170	0.010	0.036485191	307.258
CL361	Contig23	25000	229	0.016	0.031636406	275.147
CL361	Contig30	25000	191	0.011	0.040056186	254.443
CL380	Contig4	25000	133	0.011	0.037905855	579.716
CL380	Contig15	25000	137	0.013	0.039815120	853.292
CL385	Contig116	25000	176	0.012	0.043649304	427.758
CL387	Contig2	25000	49	0.036	0.002343895	455.8
CL418	Contig2	25000	39	0.053	0.000627999	248.328
CL425	Contig1	25000	123	0.045	0.003252769	266.746
CL437	Contig50	25000	263	0.013	0.053474694	376.165
CL452	Contig1	25000	102	0.012	0.021060042	323.569
CL452	Contig4	25000	201	0.024	0.016260952	264.032
CL460	Contig1	25000	112	0.039	0.003440721	237.354
CL462	Contig2	25000	57	0.035	0.001559392	264.825
CL467	Contig2	25000	43	0.037	0.001031394	254.694
CL471	Contig1	25000	61	0.032	0.001669001	267.536
CL474	Contig2	25000	96	0.038	0.002575393	256.22
CL478	Contig1	25000	136	0.010	0.027223831	284.867
CL478	Contig4	25000	155	0.014	0.021525843	330.343
CL480	Contig1	25000	35	0.026	0.001341387	340.388
CL493	Contig1	25000	73	0.036	0.001946259	249.515
CL517	Contig1	25000	67	0.031	0.002301681	234.09
CL522	Contig1	25000	7	0.011	0.000675310	684.339
CL529	Contig1	25000	72	0.028	0.002661133	258.963
CL534	Contig4	25000	169	0.020	0.017882624	303.87
CL541	Contig1	25000	83	0.029	0.003002495	229.488
CL551	Contig1	25000	74	0.025	0.002903855	246.2
CL556	Contig1	25000	96	0.032	0.002885011	205.947
CL568	Contig1	25000	39	0.022	0.001691219	239.056
CL576	Contig15	25000	238	0.011	0.047403393	218.637
CL579	Contig5	25000	193	0.016	0.021950384	132.042
CL584	Contig1	25000	60	0.021	0.002735289	248.011
CL587	Contig2	25000	34	0.021	0.001572889	239.353
CL608	Contig1	25000	6	0.010	0.002165554	750.205
CL616	Contig7	25000	181	0.014	0.026356548	283.804
CL647	Contig1	25000	20	0.017	0.001106931	228.547
CL667	Contig3	25000	169	0.011	0.027456092	212.937
CL701	Contig1	25000	13	0.011	0.001038270	391.599
CL719	Contig1	25000	37	0.016	0.002243475	227.529
CL764	Contig2	25000	23	0.016	0.001547823	182.778
CL797	Contig1	25000	54	0.017	0.003371609	208.084
CL819	Contig3	25000	306	0.016	0.040360608	159.492
CL824	Contig1	25000	11	0.011	0.000955986	218.394
CL916	Contig1	25000	17	0.012	0.001312112	202.29
CL936	Contig2	25000	168	0.010	0.032343318	204.996
CL950	Contig6	25000	177	0.010	0.035795134	165.764
CL1003	Contig1	25000	93	0.015	0.010129301	108.385
CL1048	Contig2	25000	54	0.010	0.010173652	116.652
CL1127	Contig1	25000	90	0.012	0.014448986	114.81
CL1162	Contig1	25000	159	0.011	0.026945699	112
