CL1	Contig287	25000	157	0.012	0.047515079	7444.89
CL1	Contig297	25000	148	0.011	0.051639888	6346.72
CL1	Contig511	25000	201	0.012	0.062333209	6438.07
CL1	Contig543	25000	187	0.011	0.061655335	7046.3
CL1	Contig735	25000	163	0.012	0.047348427	7804.56
CL5	Contig228	25000	135	0.012	0.039213130	7863.27
CL5	Contig293	25000	121	0.011	0.029333785	7844.53
CL11	Contig116	25000	160	0.012	0.049842532	7471.18
CL11	Contig136	25000	121	0.012	0.025332113	7806.91
CL18	Contig17	25000	253	0.012	0.076001170	2786.64
CL18	Contig38	25000	319	0.016	0.063965206	2573.9
CL18	Contig54	25000	338	0.012	0.076239898	3920.3
CL18	Contig59	25000	202	0.010	0.063994441	3586.86
CL18	Contig137	25000	456	0.018	0.073846356	4228.59
CL18	Contig146	25000	397	0.032	0.036984769	6356.48
CL18	Contig153	25000	11	0.015	0.004372355	7203.24
CL18	Contig188	25000	315	0.013	0.068705623	2607.88
CL18	Contig199	25000	308	0.011	0.082693610	3936.04
CL18	Contig200	25000	450	0.021	0.062021346	1483.77
CL18	Contig220	25000	287	0.011	0.084922516	1305.33
CL18	Contig223	25000	404	0.018	0.060093197	2763.01
CL18	Contig242	25000	496	0.022	0.064312423	3544.45
CL18	Contig297	25000	329	0.014	0.063560673	3636.16
CL18	Contig342	25000	497	0.021	0.070274606	2669.51
CL27	Contig203	25000	331	0.018	0.080715230	6176.45
CL27	Contig219	25000	291	0.012	0.098197033	3691.24
CL27	Contig346	25000	268	0.014	0.077278488	6081.45
CL27	Contig401	25000	244	0.010	0.087593212	2855.54
CL27	Contig446	25000	189	0.014	0.062388425	7397.46
CL27	Contig469	25000	335	0.015	0.081434659	5305.45
CL27	Contig481	25000	237	0.019	0.065188876	7708.91
CL27	Contig489	25000	249	0.019	0.064334925	7402.98
CL28	Contig209	25000	233	0.017	0.052053596	7705.98
CL34	Contig72	25000	406	0.016	0.094859287	6985.72
CL34	Contig135	25000	217	0.020	0.046408721	7833.01
CL41	Contig22	25000	212	0.016	0.046235756	6021.53
CL41	Contig81	25000	887	0.082	0.033238824	4830.23
CL41	Contig109	25000	242	0.019	0.048091246	3065.89
CL41	Contig133	25000	278	0.012	0.058773853	1123.29
CL41	Contig158	25000	804	0.073	0.035127275	7168.58
CL42	Contig50	25000	189	0.013	0.042842157	889.996
CL42	Contig53	25000	155	0.012	0.041379725	1015.76
CL42	Contig108	25000	231	0.014	0.043256875	1136
CL42	Contig161	25000	163	0.012	0.062835293	2004.12
CL42	Contig234	25000	196	0.011	0.049787841	1678.02
CL42	Contig264	25000	227	0.013	0.053460112	1966.1
CL42	Contig291	25000	294	0.012	0.069567571	1044.9
CL42	Contig397	25000	299	0.014	0.064251571	5333.5
CL42	Contig407	25000	277	0.013	0.069706129	2110.01
CL42	Contig473	25000	691	0.035	0.051273346	6065.82
CL42	Contig510	25000	334	0.025	0.048588355	4446.88
CL42	Contig590	25000	302	0.013	0.069054778	1915.85
CL42	Contig608	25000	296	0.013	0.070596617	3335.55
CL42	Contig630	25000	323	0.014	0.063770472	912.129
CL42	Contig695	25000	158	0.011	0.051128010	4790.94
CL42	Contig711	25000	268	0.013	0.054523096	4375.21
CL42	Contig785	25000	171	0.010	0.056545449	1284.4
CL46	Contig103	25000	289	0.011	0.090513084	858.615
CL46	Contig260	25000	215	0.011	0.069741096	646.338
CL46	Contig314	25000	263	0.011	0.086256078	869.529
CL46	Contig420	25000	144	0.017	0.026185332	368.528
CL51	Contig62	25000	209	0.017	0.042187163	7358.94
CL51	Contig114	25000	275	0.020	0.044148144	7473.81
CL51	Contig119	25000	278	0.021	0.045544703	7336.44
CL55	Contig153	25000	158	0.014	0.047472565	7625.39
CL63	Contig11	25000	195	0.011	0.059484660	371.473
CL63	Contig109	25000	284	0.012	0.097252205	2312.02
CL63	Contig123	25000	289	0.017	0.079678112	6439.89
CL63	Contig187	25000	262	0.014	0.074438652	6384.68
CL63	Contig192	25000	204	0.011	0.069050771	3504.68
CL63	Contig200	25000	244	0.011	0.100053928	2912.5
CL63	Contig237	25000	257	0.016	0.058636040	5633.6
CL63	Contig258	25000	287	0.017	0.058686248	6354.7
CL63	Contig263	25000	168	0.013	0.063010115	2890.98
CL63	Contig265	25000	176	0.013	0.065735743	6084.18
CL63	Contig274	25000	254	0.010	0.101448352	2312.42
CL63	Contig286	25000	165	0.013	0.053099184	4386.24
CL64	Contig28	25000	395	0.017	0.093682840	5714.81
CL64	Contig149	25000	250	0.010	0.100406916	3288.17
CL64	Contig153	25000	248	0.011	0.084007994	3042.73
CL64	Contig186	25000	247	0.018	0.063918330	4023.92
CL64	Contig194	25000	230	0.013	0.085734126	6037
CL64	Contig248	25000	193	0.011	0.068664960	3164.23
CL64	Contig256	25000	195	0.012	0.074984052	7161.83
CL64	Contig280	25000	183	0.013	0.067751726	5714.81
CL65	Contig71	25000	256	0.022	0.031725353	1779.4
CL65	Contig119	25000	302	0.017	0.054412900	1067.17
CL65	Contig144	25000	151	0.011	0.047883150	3035.35
CL65	Contig158	25000	249	0.017	0.037895366	2538.22
CL65	Contig240	25000	1777	0.125	0.036843787	4341.01
CL65	Contig300	25000	446	0.026	0.050472966	1093.79
CL65	Contig308	25000	194	0.011	0.058952963	2822.54
CL66	Contig35	25000	243	0.013	0.082353460	3531.51
CL66	Contig69	25000	206	0.011	0.057075549	1350.97
CL66	Contig153	25000	350	0.024	0.062693561	4929.08
CL66	Contig183	25000	358	0.033	0.048378261	2331.56
CL66	Contig198	25000	176	0.011	0.050421221	2521.19
CL66	Contig237	25000	304	0.013	0.079346686	2050.87
CL66	Contig296	25000	231	0.011	0.088013349	2157.71
CL66	Contig302	25000	261	0.018	0.062237017	4430.3
CL66	Contig322	25000	313	0.015	0.073649257	3576.24
CL66	Contig345	25000	313	0.018	0.065820936	3297.06
CL66	Contig346	25000	259	0.012	0.091321570	3694.77
CL66	Contig381	25000	241	0.017	0.063568824	3469.95
CL66	Contig391	25000	202	0.010	0.072891904	3222.49
CL67	Contig141	25000	554	0.027	0.060374687	7884.35
CL67	Contig193	25000	287	0.015	0.072250489	4359.16
CL70	Contig158	25000	699	0.056	0.038608300	6784.88
CL70	Contig167	25000	321	0.022	0.040452167	2540.65
CL72	Contig169	25000	221	0.013	0.062212319	5635.73
CL72	Contig217	25000	227	0.014	0.054004659	6531.45
CL72	Contig262	25000	456	0.018	0.080700579	5223.99
CL72	Contig307	25000	103	0.012	0.030348173	3798.67
CL72	Contig314	25000	209	0.010	0.058759015	5630.1
CL72	Contig323	25000	185	0.014	0.040170896	4518.01
CL76	Contig1	25000	31	0.020	0.005337171	7641.35
CL83	Contig15	25000	122	0.011	0.035151990	2094.38
CL83	Contig26	25000	263	0.022	0.034522624	1386.26
CL83	Contig44	25000	801	0.046	0.040382398	1565.26
CL83	Contig53	25000	1097	0.120	0.018264044	2568.14
CL83	Contig59	25000	285	0.021	0.037549962	2257.8
CL83	Contig63	25000	227	0.018	0.033826923	1461.59
CL83	Contig70	25000	311	0.021	0.029535064	1302.02
CL83	Contig71	25000	369	0.018	0.057925809	1430.06
CL83	Contig87	25000	113	0.011	0.029197934	2121.72
CL83	Contig90	25000	133	0.014	0.026911499	1436.05
CL84	Contig162	25000	922	0.044	0.062662016	6618.72
CL84	Contig242	25000	220	0.011	0.064620037	1632.94
CL84	Contig308	25000	398	0.014	0.095494383	3815.89
CL87	Contig8	25000	60	0.062	0.002882168	6950.85
CL89	Contig46	25000	251	0.018	0.042955871	1557.41
CL89	Contig71	25000	367	0.024	0.033200102	649.637
CL89	Contig75	25000	159	0.011	0.049135060	3028.21
CL89	Contig77	25000	243	0.015	0.043152471	1731.25
CL89	Contig86	25000	212	0.013	0.054550132	2335.6
CL89	Contig108	25000	240	0.019	0.040141813	1501.07
CL89	Contig128	25000	693	0.052	0.040398046	2837.35
CL89	Contig188	25000	151	0.010	0.031209820	448.929
CL89	Contig210	25000	396	0.025	0.052461394	1315.78
CL89	Contig227	25000	245	0.013	0.044413182	1575.07
CL89	Contig228	25000	339	0.023	0.055899416	2080.43
CL92	Contig44	25000	208	0.010	0.067718651	2084.39
CL92	Contig103	25000	176	0.011	0.073978044	3400.45
CL92	Contig170	25000	192	0.010	0.070894338	3299.13
CL92	Contig208	25000	161	0.014	0.042361199	5080.06
CL92	Contig278	25000	360	0.021	0.060731518	5823.98
CL93	Contig2	25000	13	0.069	0.000915274	6326.62
CL100	Contig37	25000	200	0.012	0.050793450	1452.24
CL100	Contig38	25000	178	0.011	0.034980235	788.726
CL100	Contig74	25000	561	0.040	0.047338743	1678.11
CL100	Contig76	25000	158	0.011	0.032133892	1070.21
CL100	Contig79	25000	966	0.062	0.034059633	1584.61
CL100	Contig100	25000	580	0.038	0.051162086	1771.88
CL100	Contig135	25000	312	0.018	0.042751041	3022.24
CL100	Contig147	25000	254	0.016	0.056207182	1450.12
CL101	Contig3	25000	42	0.026	0.002679062	850.476
CL101	Contig11	25000	183	0.141	0.002615419	2618.52
CL101	Contig16	25000	27	0.035	0.001030989	979.36
CL104	Contig1	25000	15	0.093	0.000265541	3972.35
CL109	Contig10	25000	276	0.020	0.042215963	948.47
CL109	Contig14	25000	707	0.044	0.040954863	873.781
CL109	Contig23	25000	278	0.014	0.061510613	781.853
CL109	Contig24	25000	426	0.030	0.036701432	996.333
CL109	Contig32	25000	1050	0.090	0.023078158	1110.47
CL109	Contig49	25000	436	0.030	0.045268206	1014.6
CL109	Contig51	25000	151	0.015	0.024456553	399.571
CL109	Contig56	25000	116	0.011	0.023976787	517.846
CL109	Contig59	25000	281	0.017	0.040738318	510.662
CL109	Contig61	25000	126	0.010	0.025631505	426.353
CL109	Contig71	25000	230	0.016	0.036606257	801.157
CL110	Contig1	25000	52	0.100	0.000994310	3026.39
CL113	Contig2	25000	23	0.074	0.000578697	3825.81
CL117	Contig1	25000	49	0.103	0.001085659	2705.19
CL119	Contig7	25000	511	0.049	0.027848728	5147.74
CL125	Contig9	25000	271	0.012	0.057738020	2017.17
CL125	Contig12	25000	753	0.037	0.045682235	2028.33
CL125	Contig15	25000	501	0.026	0.046253474	2667.83
CL125	Contig17	25000	301	0.015	0.047210879	2298.88
CL125	Contig34	25000	359	0.016	0.053386864	1812.83
CL128	Contig5	25000	172	0.015	0.024303195	911.646
CL128	Contig11	25000	169	0.015	0.029286473	1253.06
CL128	Contig22	25000	223	0.013	0.050232985	3449.52
CL128	Contig49	25000	134	0.012	0.029442437	772.049
CL128	Contig61	25000	123	0.015	0.015106137	1196.63
CL128	Contig66	25000	200	0.014	0.041697092	1025.53
CL128	Contig67	25000	317	0.024	0.031780475	1746.31
CL130	Contig27	25000	222	0.011	0.062148698	1236.59
CL130	Contig37	25000	191	0.018	0.028773662	1498.22
CL130	Contig70	25000	249	0.024	0.027563815	1670.21
CL130	Contig91	25000	229	0.021	0.032100243	1845.41
CL132	Contig1	25000	15	0.074	0.000330161	2806.85
CL135	Contig11	25000	279	0.017	0.039827072	882.383
CL144	Contig31	25000	397	0.019	0.069228744	2557.86
CL144	Contig94	25000	360	0.021	0.051913738	2591.2
CL145	Contig18	25000	184	0.010	0.056502365	2004.07
CL145	Contig42	25000	417	0.014	0.074366319	5120.87
CL149	Contig27	25000	251	0.021	0.046898601	2931.4
CL152	Contig1	25000	33	0.070	0.000823700	2088.71
CL155	Contig2	25000	168	0.015	0.044083147	1703.73
CL155	Contig13	25000	176	0.015	0.026232681	1314.26
CL155	Contig14	25000	207	0.016	0.044429623	1569.52
CL155	Contig16	25000	199	0.022	0.025657164	1774.34
CL155	Contig17	25000	135	0.011	0.028692608	1159.72
CL163	Contig1	25000	11	0.037	0.000274840	2797.27
CL167	Contig5	25000	215	0.018	0.036537041	1421.66
CL167	Contig12	25000	335	0.023	0.035857013	1400.91
CL167	Contig38	25000	200	0.014	0.036640047	1233.09
CL170	Contig4	25000	213	0.019	0.028878801	1100.08
CL170	Contig11	25000	183	0.019	0.027095254	1029.07
CL170	Contig19	25000	379	0.033	0.035209982	1275.43
CL175	Contig7	25000	1179	0.054	0.050170923	971.883
CL175	Contig15	25000	241	0.013	0.044548275	745.636
CL185	Contig10	25000	553	0.036	0.034939600	865.471
CL185	Contig13	25000	479	0.030	0.039747334	753.603
CL185	Contig16	25000	166	0.011	0.033938390	629.215
CL186	Contig12	25000	496	0.024	0.046883855	797.083
CL186	Contig17	25000	340	0.016	0.055690948	542.447
CL186	Contig23	25000	213	0.011	0.048857235	1170.18
CL186	Contig32	25000	261	0.012	0.053945391	758.731
CL189	Contig7	25000	224	0.012	0.047698196	1727.66
CL189	Contig32	25000	336	0.018	0.057045930	1567.79
CL190	Contig5	25000	405	0.033	0.033490014	856.587
CL190	Contig11	25000	245	0.019	0.036362345	1021.73
CL194	Contig6	25000	178	0.016	0.045171253	1475.31
CL194	Contig17	25000	253	0.025	0.032293674	1474.8
CL199	Contig32	25000	259	0.011	0.075807549	1703.01
CL199	Contig57	25000	331	0.012	0.078970208	1150.22
CL200	Contig49	25000	201	0.012	0.047914406	2245.05
CL206	Contig29	25000	237	0.012	0.054252659	1168.64
CL209	Contig30	25000	130	0.010	0.046885687	629.716
CL209	Contig36	25000	121	0.012	0.045866059	881.108
CL219	Contig1	25000	11	0.027	0.000359271	1826.28
CL223	Contig5	25000	186	0.018	0.032565407	1397.91
CL227	Contig2	25000	96	0.011	0.024684715	199.085
CL227	Contig4	25000	226	0.010	0.062561731	708.951
CL227	Contig6	25000	521	0.025	0.055924455	572.164
CL227	Contig9	25000	415	0.020	0.047012047	561.424
CL228	Contig20	25000	382	0.020	0.056344022	1078.76
CL231	Contig1	25000	665	0.039	0.043937055	959.966
CL234	Contig8	25000	407	0.017	0.089939638	1129.24
CL234	Contig31	25000	137	0.010	0.031643216	372.168
CL236	Contig9	25000	358	0.016	0.066422999	998.698
CL242	Contig2	25000	298	0.032	0.026906860	523.2
CL242	Contig12	25000	96	0.015	0.016287829	280.618
CL246	Contig6	25000	525	0.021	0.059021222	568.839
CL257	Contig5	25000	115	0.010	0.042688228	2048.72
CL275	Contig5	25000	205	0.011	0.049470522	914.491
CL277	Contig16	25000	332	0.012	0.065848554	949.738
CL280	Contig5	25000	182	0.012	0.040042987	584.865
CL292	Contig3	25000	114	0.010	0.039016216	1795.56
CL304	Contig5	25000	222	0.017	0.025563148	666.023
CL337	Contig3	25000	445	0.020	0.057716454	569.021
CL341	Contig4	25000	231	0.012	0.076641404	675.99
CL359	Contig3	25000	293	0.014	0.054764974	523.887
CL369	Contig2	25000	88	0.010	0.029598159	787.733
CL373	Contig1	25000	1	0.011	0.000076685	1097.9
CL416	Contig6	25000	200	0.011	0.062112471	509.655
CL422	Contig1	25000	1	0.011	0.000111734	786.693
CL446	Contig4	25000	167	0.010	0.040900441	460.564
CL457	Contig2	25000	126	0.016	0.025081815	370.162
CL470	Contig1	25000	141	0.012	0.042780142	495.198
CL477	Contig2	25000	184	0.013	0.034762500	391.098
CL491	Contig1	25000	271	0.012	0.062376395	591.303
CL504	Contig2	25000	201	0.011	0.055585547	433.973
CL583	Contig2	25000	261	0.012	0.057321688	333.568
CL599	Contig2	25000	224	0.012	0.062977320	450.646
CL651	Contig1	25000	96	0.011	0.018814334	342.108
CL670	Contig1	25000	138	0.011	0.035263518	268.123
CL725	Contig1	25000	85	0.012	0.015751542	270.634
CL2	Contig217	25000	110	0.012	0.028649839	7883.42
CL2	Contig255	25000	194	0.012	0.057898326	7864.37
CL6	Contig81	25000	399	0.015	0.086135504	3573.5
CL6	Contig274	25000	315	0.011	0.087977855	5597.29
CL6	Contig291	25000	285	0.012	0.087273861	4012.72
CL6	Contig541	25000	319	0.012	0.081962435	2024.4
CL6	Contig547	25000	330	0.012	0.096200144	6044.07
CL6	Contig596	25000	325	0.013	0.075374821	1800.65
CL6	Contig610	25000	349	0.013	0.085781041	3269.28
CL6	Contig689	25000	312	0.011	0.096745585	3783.11
CL6	Contig852	25000	303	0.011	0.096556896	3115.73
CL6	Contig910	25000	310	0.011	0.093216292	4070.68
CL6	Contig1091	25000	401	0.014	0.092240621	4666.9
CL6	Contig1100	25000	353	0.013	0.078527057	1633.39
CL6	Contig1153	25000	526	0.017	0.098923666	6253.24
CL6	Contig1195	25000	287	0.014	0.061357736	842.225
CL6	Contig1305	25000	344	0.012	0.096631717	2592.86
CL6	Contig1317	25000	320	0.012	0.084467317	2898.09
CL6	Contig1574	25000	336	0.013	0.090952419	4471.35
CL6	Contig1671	25000	340	0.012	0.094366304	4749.9
CL6	Contig1706	25000	287	0.014	0.064437310	936.683
CL6	Contig1733	25000	365	0.012	0.098655872	4715.44
CL6	Contig1755	25000	302	0.011	0.089466591	5027.24
CL6	Contig1862	25000	738	0.025	0.098046419	4556.01
CL6	Contig1897	25000	315	0.013	0.079235147	2577.55
CL6	Contig1926	25000	383	0.014	0.089069158	1970.87
CL6	Contig1934	25000	283	0.011	0.084775898	2987.06
CL6	Contig2058	25000	286	0.015	0.054191260	1469.22
CL6	Contig2098	25000	340	0.012	0.086316974	5340.92
CL6	Contig2120	25000	275	0.010	0.088499675	4386.32
CL7	Contig210	25000	189	0.014	0.048726802	7647.15
CL7	Contig281	25000	102	0.012	0.043876087	7169.1
CL7	Contig318	25000	277	0.011	0.085674271	7273.56
CL7	Contig466	25000	227	0.015	0.043290513	6531.56
CL7	Contig486	25000	204	0.014	0.054116838	7461.23
CL12	Contig14	25000	133	0.011	0.033105047	4674.1
CL12	Contig52	25000	175	0.016	0.045682818	6860.15
CL12	Contig123	25000	211	0.016	0.032381446	6503.96
CL12	Contig187	25000	131	0.015	0.029663661	6820.01
CL12	Contig209	25000	144	0.012	0.034803779	7179.86
CL17	Contig193	25000	247	0.010	0.086346550	6489.41
CL17	Contig228	25000	242	0.010	0.091619821	6647.38
CL17	Contig257	25000	361	0.016	0.075727789	4893.57
CL17	Contig300	25000	258	0.013	0.079710279	6327.25
CL17	Contig325	25000	239	0.012	0.086337691	6469.13
CL17	Contig339	25000	210	0.011	0.076086363	6833.14
CL17	Contig357	25000	389	0.020	0.076062480	6471.36
CL17	Contig376	25000	241	0.016	0.058817907	7372.82
CL17	Contig417	25000	251	0.010	0.087510912	4076.83
CL17	Contig425	25000	243	0.021	0.046068353	6705.29
CL17	Contig433	25000	416	0.030	0.049725931	6344.67
CL19	Contig103	25000	305	0.016	0.064137950	3563.11
CL19	Contig118	25000	309	0.015	0.060350044	7237.94
CL19	Contig145	25000	239	0.011	0.081207721	6959.22
CL19	Contig220	25000	207	0.017	0.039676133	7434.18
CL22	Contig192	25000	340	0.012	0.102583568	3887.95
CL22	Contig234	25000	313	0.013	0.081191076	3825.57
CL22	Contig246	25000	330	0.016	0.069334977	6439.35
CL22	Contig313	25000	171	0.013	0.047439732	7388.34
CL22	Contig323	25000	108	0.011	0.039480045	5648.73
CL22	Contig335	25000	172	0.011	0.052787337	6749.79
CL22	Contig406	25000	280	0.014	0.061275720	6472.65
CL22	Contig415	25000	324	0.019	0.060629169	6837.93
CL30	Contig9	25000	12	0.012	0.002552123	5974.56
CL30	Contig11	25000	35	0.028	0.006250348	7398.61
CL35	Contig57	25000	324	0.014	0.095085746	4284.48
CL35	Contig59	25000	380	0.025	0.057170418	6818.01
CL35	Contig111	25000	187	0.018	0.028593433	7615.28
CL35	Contig117	25000	211	0.014	0.049481653	6966.37
CL35	Contig153	25000	116	0.011	0.030378578	6789.65
CL39	Contig1	25000	18	0.042	0.001009344	7736.27
CL44	Contig139	25000	146	0.013	0.049535962	3703.37
CL44	Contig196	25000	185	0.012	0.052962532	1736.69
CL44	Contig244	25000	106	0.011	0.039568044	2007.33
CL44	Contig299	25000	165	0.013	0.054317917	2174.64
CL44	Contig482	25000	195	0.012	0.058776623	3452.57
CL44	Contig564	25000	231	0.012	0.051307272	2163.11
CL44	Contig655	25000	145	0.011	0.048438119	3019.21
CL44	Contig667	25000	175	0.011	0.074515118	2987.15
CL44	Contig682	25000	187	0.012	0.060242031	4648.89
CL44	Contig723	25000	203	0.011	0.078735732	3458.24
CL44	Contig776	25000	104	0.011	0.043603011	1740.37
CL44	Contig877	25000	205	0.011	0.076168536	3410.72
CL44	Contig885	25000	167	0.012	0.056580600	2412.87
CL44	Contig910	25000	163	0.013	0.051446081	2772.56
CL44	Contig943	25000	185	0.011	0.069135669	2913.57
CL44	Contig979	25000	155	0.013	0.051032885	2966.86
CL45	Contig176	25000	452	0.021	0.056804164	6118.87
CL45	Contig265	25000	293	0.011	0.070492120	7122.97
CL53	Contig19	25000	749	0.060	0.027940780	2074
CL53	Contig22	25000	336	0.021	0.037027550	1074.07
CL53	Contig31	25000	266	0.015	0.055741414	1764.8
CL53	Contig83	25000	453	0.033	0.029754998	3172.56
CL53	Contig120	25000	247	0.014	0.039182202	1612.94
CL53	Contig125	25000	496	0.027	0.041068624	742.609
CL53	Contig136	25000	307	0.018	0.046693574	1568.55
CL53	Contig154	25000	479	0.031	0.034778864	4583.25
CL53	Contig159	25000	256	0.014	0.067007878	2153.92
CL53	Contig167	25000	244	0.014	0.051227527	1006.64
CL53	Contig177	25000	231	0.013	0.047847493	1455.6
CL53	Contig200	25000	482	0.027	0.049694083	1671.8
CL53	Contig201	25000	201	0.012	0.051467803	984.305
CL53	Contig208	25000	1060	0.076	0.031876510	3570.53
CL53	Contig217	25000	280	0.016	0.049907893	924.558
CL54	Contig3	25000	24	0.148	0.000362977	6707.42
CL56	Contig1	25000	19	0.031	0.002849730	7533.21
CL59	Contig11	25000	190	0.013	0.036688882	4323.15
CL59	Contig22	25000	447	0.031	0.027904941	2217.6
CL59	Contig37	25000	159	0.014	0.027008309	3928.29
CL59	Contig66	25000	228	0.020	0.033765605	5890.08
CL59	Contig77	25000	363	0.029	0.030873228	6341.65
CL59	Contig79	25000	206	0.014	0.039274458	6074.75
CL59	Contig94	25000	203	0.013	0.037845768	6331.41
CL59	Contig95	25000	103	0.010	0.023063713	3178.16
CL59	Contig128	25000	138	0.013	0.027859738	3693.24
CL62	Contig1	25000	37	0.031	0.004976270	7630.49
CL68	Contig99	25000	350	0.015	0.061852328	1120.66
CL68	Contig130	25000	254	0.014	0.057934051	3500.09
CL68	Contig136	25000	200	0.016	0.044528816	5169.9
CL68	Contig163	25000	216	0.012	0.056401877	5565.15
CL68	Contig192	25000	179	0.011	0.049850790	5043.8
CL68	Contig193	25000	226	0.017	0.044467466	6322.57
CL68	Contig223	25000	128	0.011	0.036921459	3462.58
CL68	Contig238	25000	236	0.018	0.051133463	6784.84
CL69	Contig17	25000	896	0.097	0.024311358	5527.27
CL69	Contig51	25000	203	0.016	0.035981883	2441.72
CL69	Contig59	25000	191	0.016	0.034943583	4049.13
CL69	Contig74	25000	408	0.026	0.053255161	2056.64
CL69	Contig101	25000	150	0.010	0.041801460	2305.99
CL71	Contig8	25000	58	0.088	0.001597851	7396.22
CL74	Contig61	25000	321	0.012	0.088772080	5247.66
CL74	Contig168	25000	228	0.013	0.055697184	6242.55
CL74	Contig274	25000	218	0.014	0.047213759	6267.86
CL74	Contig294	25000	247	0.011	0.078510375	6832.29
CL80	Contig2	25000	71	0.090	0.001838984	6352.84
CL81	Contig1	25000	15	0.092	0.000304435	6512.65
CL82	Contig1	25000	15	0.021	0.002140599	7645.17
CL105	Contig7	25000	233	0.011	0.074843055	787.71
CL105	Contig17	25000	121	0.010	0.046201941	1444.64
CL105	Contig71	25000	183	0.011	0.061380485	872.811
CL105	Contig78	25000	129	0.011	0.052039183	1646.47
CL105	Contig86	25000	98	0.012	0.047603003	1391.12
CL105	Contig88	25000	176	0.019	0.042651448	1998.58
CL105	Contig95	25000	230	0.014	0.042540933	4076.18
CL105	Contig164	25000	152	0.010	0.035754949	554.573
CL105	Contig168	25000	101	0.015	0.014083381	3666.1
CL108	Contig3	25000	453	0.027	0.038499215	996.644
CL108	Contig6	25000	297	0.021	0.029384817	828.301
CL108	Contig21	25000	20	0.036	0.000799254	3590.06
CL108	Contig41	25000	524	0.048	0.027638196	2789.29
CL108	Contig43	25000	173	0.010	0.042662001	406.002
CL121	Contig92	25000	509	0.034	0.057814673	5138.71
CL124	Contig1	25000	56	0.079	0.001324971	3021.84
CL129	Contig82	25000	2238	0.109	0.053228322	1553.05
CL131	Contig1	25000	8	0.064	0.000212531	3551.01
CL134	Contig1	25000	20	0.065	0.000420965	2911.22
CL136	Contig18	25000	1125	0.063	0.042729205	1203.95
CL136	Contig26	25000	229	0.011	0.051992954	1276.82
CL136	Contig30	25000	867	0.048	0.041785714	1059.12
CL136	Contig39	25000	509	0.028	0.041203286	1151.29
CL139	Contig1	25000	59	0.067	0.001690163	2559.27
CL142	Contig90	25000	187	0.011	0.054108847	5435.7
CL147	Contig10	25000	643	0.028	0.066043765	3400.43
CL147	Contig27	25000	280	0.013	0.058939179	2727.54
CL150	Contig8	25000	653	0.052	0.023400029	2169.15
CL150	Contig12	25000	304	0.026	0.022307866	1531.47
CL153	Contig51	25000	162	0.021	0.019382698	1415.57
CL153	Contig75	25000	420	0.041	0.033794946	1794.11
CL154	Contig1	25000	23	0.033	0.001553644	4338.08
CL161	Contig2	25000	392	0.040	0.023815879	2888.3
CL166	Contig3	25000	722	0.032	0.060862472	1116.27
CL166	Contig12	25000	314	0.016	0.050219422	1382.59
CL166	Contig13	25000	358	0.019	0.051938084	1317.08
CL166	Contig33	25000	296	0.013	0.059858276	1116.27
CL168	Contig15	25000	397	0.030	0.033665025	1550.03
CL171	Contig11	25000	173	0.010	0.055062842	691.647
CL171	Contig24	25000	335	0.019	0.053768424	866.754
CL171	Contig32	25000	322	0.019	0.053952809	934.819
CL171	Contig35	25000	316	0.017	0.054581587	885.934
CL172	Contig1	25000	19	0.036	0.001127782	2566.12
CL178	Contig7	25000	320	0.018	0.053812874	877.982
CL178	Contig22	25000	177	0.011	0.047592864	626.251
CL178	Contig27	25000	200	0.013	0.044693433	788.304
CL178	Contig28	25000	230	0.012	0.056671861	699.659
CL178	Contig31	25000	171	0.010	0.051116987	754.35
CL183	Contig62	25000	390	0.015	0.077980538	992.658
CL183	Contig74	25000	264	0.010	0.080140646	924.287
CL184	Contig2	25000	255	0.018	0.042138290	1271.96
CL184	Contig9	25000	286	0.024	0.034095535	1920.7
CL188	Contig31	25000	382	0.022	0.053809761	2527.58
CL191	Contig5	25000	389	0.040	0.034290219	1146.94
CL191	Contig17	25000	82	0.010	0.020030479	1063.81
CL195	Contig5	25000	242	0.010	0.081941036	2825.7
CL197	Contig1	25000	8	0.027	0.000323731	2485.29
CL205	Contig41	25000	234	0.011	0.060526310	2469.44
CL212	Contig6	25000	203	0.014	0.038532106	1647.84
CL212	Contig17	25000	144	0.015	0.021090014	1312.23
CL214	Contig18	25000	352	0.012	0.093744368	1327.01
CL214	Contig28	25000	314	0.011	0.087232606	1044.87
CL214	Contig34	25000	255	0.011	0.066819517	571.942
CL221	Contig1	25000	7	0.024	0.000515386	1912.46
CL226	Contig1	25000	236	0.016	0.043455091	1270.36
CL226	Contig3	25000	187	0.013	0.038697278	1489.59
CL238	Contig8	25000	304	0.014	0.062082914	2150.63
CL245	Contig6	25000	204	0.020	0.033936453	1400.75
CL250	Contig12	25000	292	0.025	0.033088980	648.247
CL256	Contig3	25000	247	0.016	0.042318745	1329.54
CL261	Contig14	25000	328	0.020	0.066280444	720.601
CL267	Contig3	25000	12	0.019	0.000782504	1040.93
CL291	Contig5	25000	257	0.014	0.038804770	891.77
CL295	Contig7	25000	247	0.013	0.049926320	855.05
CL297	Contig3	25000	202	0.015	0.027010112	614.525
CL302	Contig5	25000	234	0.017	0.026070199	640.733
CL306	Contig6	25000	211	0.013	0.047855958	919.575
CL316	Contig5	25000	387	0.016	0.059958379	591.972
CL326	Contig9	25000	194	0.010	0.060569342	555.5
CL387	Contig2	25000	307	0.019	0.040285280	488.966
CL398	Contig2	25000	224	0.011	0.074369298	354.062
CL413	Contig1	25000	134	0.010	0.033487099	567.915
CL426	Contig6	25000	100	0.011	0.040556175	374.06
CL478	Contig4	25000	142	0.011	0.052838210	247.555
CL489	Contig1	25000	141	0.015	0.019624690	428.539
CL505	Contig3	25000	214	0.012	0.045304489	541.893
CL516	Contig1	25000	271	0.013	0.049266276	492.154
CL581	Contig1	25000	178	0.012	0.034440016	365.27
CL620	Contig1	25000	165	0.011	0.035903256	434.387
CL631	Contig1	25000	232	0.011	0.057806198	486.499
CL766	Contig1	25000	111	0.010	0.024837449	238.314
CL793	Contig1	25000	140	0.013	0.034302527	186.414
CL960	Contig1	25000	22	0.011	0.006006876	181.509
CL8	Contig267	25000	209	0.012	0.057664102	7364.02
CL8	Contig468	25000	106	0.010	0.039752037	7571.32
CL10	Contig26	25000	149	0.012	0.041101273	6283.46
CL10	Contig71	25000	106	0.011	0.029645577	6483.56
CL10	Contig73	25000	214	0.013	0.048416326	6254.68
CL10	Contig120	25000	118	0.012	0.025628992	7158.95
CL10	Contig222	25000	131	0.011	0.033806210	7072.37
CL15	Contig38	25000	234	0.010	0.116492185	3653.8
CL15	Contig152	25000	333	0.018	0.056333241	7221.82
CL15	Contig230	25000	146	0.012	0.057024148	7592.26
CL15	Contig236	25000	169	0.016	0.048724646	7637.9
CL15	Contig257	25000	274	0.013	0.080741747	7524.14
CL20	Contig250	25000	190	0.015	0.041350841	7615.71
CL20	Contig265	25000	299	0.015	0.065350810	7633.82
CL20	Contig279	25000	304	0.011	0.108237571	4126.43
CL20	Contig307	25000	316	0.015	0.076144973	6400.01
CL20	Contig314	25000	337	0.017	0.064695028	4309.29
CL20	Contig317	25000	313	0.016	0.069063091	7711.7
CL24	Contig650	25000	413	0.021	0.054944891	635.834
CL24	Contig1985	25000	184	0.010	0.052026079	607.295
CL24	Contig2096	25000	288	0.010	0.104063447	2812.74
CL25	Contig714	25000	268	0.011	0.095192159	6685.37
CL25	Contig922	25000	232	0.011	0.063917266	7165.63
CL25	Contig1188	25000	293	0.011	0.085680444	5840.89
CL26	Contig4	25000	278	0.015	0.055976446	3401.13
CL26	Contig38	25000	263	0.026	0.035700575	7601.94
CL26	Contig44	25000	295	0.014	0.060505148	3401.13
CL26	Contig79	25000	236	0.017	0.043202407	5003.21
CL26	Contig180	25000	203	0.014	0.044991363	5606.61
CL26	Contig269	25000	173	0.010	0.057020130	7318.4
CL29	Contig50	25000	213	0.011	0.082523234	2212.83
CL29	Contig62	25000	272	0.019	0.033079060	547.933
CL29	Contig92	25000	532	0.026	0.060256390	1080.31
CL29	Contig117	25000	397	0.031	0.044245080	3262.98
CL29	Contig136	25000	162	0.016	0.027135216	932.718
CL29	Contig140	25000	169	0.010	0.046576439	355.353
CL29	Contig197	25000	486	0.036	0.038112166	1442.25
CL29	Contig208	25000	200	0.010	0.073289804	1554.41
CL29	Contig223	25000	272	0.020	0.056577950	4748.93
CL29	Contig225	25000	245	0.010	0.103154218	1751.05
CL29	Contig254	25000	294	0.021	0.056765868	3502.51
CL29	Contig286	25000	198	0.014	0.054869169	4242.94
CL29	Contig296	25000	153	0.011	0.040619525	3643.5
CL29	Contig297	25000	296	0.023	0.057952916	6622.24
CL29	Contig299	25000	196	0.016	0.039520109	1272.04
CL29	Contig306	25000	168	0.013	0.045239299	3136.52
CL29	Contig309	25000	145	0.011	0.051694540	6315.24
CL29	Contig340	25000	278	0.019	0.037117132	642.194
CL29	Contig355	25000	739	0.048	0.062069316	3425.84
CL29	Contig375	25000	165	0.012	0.054411968	5284.29
CL29	Contig382	25000	146	0.013	0.040047972	4137.25
CL29	Contig415	25000	382	0.033	0.040547091	3626.14
CL32	Contig1	25000	7	0.050	0.000564621	7717.08
CL33	Contig93	25000	103	0.010	0.034099328	6616.55
CL33	Contig115	25000	156	0.011	0.038490760	7788.63
CL33	Contig122	25000	115	0.011	0.031224276	7301.31
CL38	Contig18	25000	358	0.016	0.079290753	2731.15
CL38	Contig176	25000	223	0.018	0.031351663	2158.73
CL38	Contig192	25000	473	0.021	0.067242571	3158.18
CL38	Contig203	25000	287	0.013	0.058279240	3930.95
CL38	Contig234	25000	230	0.011	0.068751408	5134.46
CL38	Contig424	25000	158	0.010	0.045384084	695.642
CL38	Contig445	25000	236	0.011	0.066320000	4737.71
CL38	Contig552	25000	561	0.032	0.047997341	7060.2
CL38	Contig555	25000	356	0.015	0.072972884	3419.3
CL38	Contig563	25000	579	0.029	0.050349460	4909.26
CL38	Contig623	25000	463	0.025	0.047935782	5099.15
CL40	Contig153	25000	286	0.016	0.045762206	2175.72
CL40	Contig177	25000	219	0.016	0.058085913	7780.19
CL48	Contig22	25000	382	0.029	0.038655971	3065.61
CL48	Contig59	25000	367	0.024	0.041065558	2266.79
CL48	Contig73	25000	734	0.073	0.023603834	3729.08
CL48	Contig80	25000	140	0.010	0.033251036	1881.38
CL48	Contig101	25000	330	0.021	0.039959254	5085.61
CL48	Contig115	25000	186	0.017	0.030756556	3979.38
CL48	Contig116	25000	199	0.012	0.045746214	2615.12
CL48	Contig129	25000	322	0.020	0.041925599	1181.78
CL48	Contig139	25000	698	0.054	0.035872992	4459.57
CL49	Contig427	25000	342	0.013	0.090898436	4172.1
CL49	Contig499	25000	244	0.010	0.084400385	3643.54
CL49	Contig841	25000	274	0.011	0.091644020	4974.04
CL49	Contig912	25000	361	0.013	0.102491792	6038.92
CL50	Contig177	25000	253	0.011	0.080784194	2841.8
CL50	Contig269	25000	674	0.034	0.068458474	3764.99
CL50	Contig309	25000	206	0.010	0.079242089	5891.66
CL50	Contig324	25000	352	0.020	0.064904192	2304.67
CL50	Contig359	25000	600	0.035	0.058148567	7482.17
CL52	Contig4	25000	20	0.030	0.002890011	7725.31
CL73	Contig21	25000	737	0.076	0.027430005	5043.84
CL73	Contig74	25000	132	0.012	0.034789402	803.14
CL73	Contig108	25000	203	0.011	0.073410253	1493.99
CL73	Contig120	25000	965	0.064	0.038757409	1541.74
CL73	Contig150	25000	747	0.052	0.031521388	2018.57
CL73	Contig169	25000	196	0.012	0.045810881	2384.14
CL75	Contig219	25000	150	0.010	0.059661934	6799.69
CL75	Contig298	25000	167	0.012	0.051030928	4519.69
CL85	Contig17	25000	293	0.017	0.062476148	690.676
CL85	Contig20	25000	282	0.016	0.036372001	1003.38
CL85	Contig29	25000	510	0.033	0.060256189	714.35
CL85	Contig44	25000	819	0.062	0.033228059	873.295
CL85	Contig58	25000	205	0.012	0.054894969	490.447
CL85	Contig64	25000	293	0.017	0.042192001	1053.16
CL85	Contig108	25000	311	0.022	0.051045493	1217.24
CL85	Contig122	25000	210	0.013	0.054584018	1013.63
CL85	Contig138	25000	222	0.017	0.050568679	1076.25
CL85	Contig159	25000	174	0.011	0.054371127	311.652
CL85	Contig164	25000	746	0.046	0.057869088	869.037
CL85	Contig206	25000	200	0.016	0.045852368	1112.43
CL85	Contig209	25000	372	0.027	0.045224112	1003.38
CL85	Contig213	25000	269	0.020	0.052912898	1362.62
CL85	Contig219	25000	795	0.048	0.040623819	960.432
CL85	Contig235	25000	618	0.033	0.046094844	725.219
CL85	Contig283	25000	324	0.017	0.048424613	952.768
CL85	Contig285	25000	152	0.011	0.049115087	602.589
CL85	Contig294	25000	254	0.014	0.048024673	714.35
CL86	Contig9	25000	81	0.010	0.025991346	3059.3
CL86	Contig64	25000	154	0.011	0.053443580	2269.4
CL86	Contig70	25000	246	0.021	0.039071245	5900.38
CL86	Contig83	25000	100	0.012	0.026150479	5216.89
CL86	Contig166	25000	147	0.015	0.035990462	5074.42
CL88	Contig32	25000	172	0.010	0.054560879	1740.32
CL88	Contig78	25000	165	0.011	0.058562852	4961.81
CL88	Contig87	25000	250	0.016	0.066483961	3862.8
CL88	Contig123	25000	343	0.026	0.059613479	3391.65
CL88	Contig136	25000	285	0.019	0.051445357	6601.07
CL88	Contig151	25000	161	0.011	0.047597065	3953.18
CL88	Contig161	25000	179	0.013	0.050258348	1238.24
CL88	Contig165	25000	297	0.018	0.044994868	1912.34
CL91	Contig169	25000	455	0.020	0.066452168	3405.17
CL91	Contig189	25000	379	0.019	0.056130529	3438.33
CL91	Contig190	25000	223	0.010	0.060484934	2765.95
CL91	Contig203	25000	644	0.030	0.054408945	6600.06
CL94	Contig6	25000	120	0.145	0.001299797	3511.9
CL97	Contig1	25000	65	0.124	0.001283510	3930.96
CL99	Contig48	25000	1610	0.096	0.041106060	4124.27
CL103	Contig1	25000	34	0.119	0.000523334	3248.58
CL106	Contig1	25000	45	0.085	0.000876661	4038.47
CL112	Contig9	25000	900	0.040	0.045649524	1026.64
CL112	Contig26	25000	421	0.020	0.042541479	1030.08
CL112	Contig30	25000	235	0.014	0.049071476	2483.26
CL112	Contig56	25000	362	0.025	0.040407252	4990.13
CL112	Contig62	25000	172	0.014	0.030580356	472.423
CL112	Contig64	25000	264	0.013	0.037906363	763.285
CL112	Contig74	25000	169	0.010	0.035583099	831.01
CL114	Contig33	25000	548	0.045	0.038671265	4083.57
CL114	Contig56	25000	173	0.013	0.062607905	1107.41
CL114	Contig68	25000	213	0.017	0.042640857	2802.22
CL122	Contig1	25000	25	0.093	0.000705810	2703.94
CL126	Contig33	25000	1034	0.093	0.030824031	1564.18
CL126	Contig66	25000	83	0.012	0.022085832	1694.33
CL126	Contig78	25000	92	0.013	0.015024295	1852.7
CL127	Contig1	25000	39	0.069	0.001538983	3390.78
CL249	Contig5	25000	91	0.011	0.018014542	2104.51
CL255	Contig6	25000	312	0.017	0.052619179	721.021
CL263	Contig1	25000	0	0.013	0.000000000	1892.33
CL273	Contig1	25000	0	0.014	0.000000000	1457.66
CL286	Contig1	25000	159	0.010	0.043846644	361.358
CL286	Contig5	25000	207	0.012	0.048904283	466.129
CL328	Contig7	25000	233	0.016	0.050468947	670.475
CL334	Contig1	25000	254	0.016	0.036659999	367.659
CL338	Contig3	25000	127	0.013	0.030303194	736.917
CL370	Contig1	25000	10	0.015	0.000882914	718.592
CL394	Contig6	25000	246	0.012	0.071621225	521.435
CL415	Contig1	25000	116	0.012	0.046826826	645.875
CL420	Contig1	25000	262	0.018	0.030935409	451.38
CL432	Contig5	25000	224	0.012	0.075703919	401.868
CL439	Contig3	25000	124	0.011	0.039886771	587.125
CL451	Contig4	25000	332	0.015	0.048118435	536.864
CL479	Contig2	25000	75	0.014	0.016752590	367.455
CL538	Contig3	25000	139	0.011	0.048123167	459.614
CL555	Contig1	25000	140	0.011	0.027049482	457.689
CL574	Contig1	25000	137	0.010	0.029707501	440.474
CL587	Contig1	25000	148	0.014	0.022195462	324.87
CL594	Contig3	25000	263	0.012	0.065337137	442.861
CL622	Contig1	25000	111	0.010	0.036099952	242.132
CL646	Contig1	25000	4	0.010	0.000482616	840.419
CL653	Contig1	25000	85	0.010	0.017182778	452.549
CL739	Contig1	25000	108	0.010	0.036597595	321.605
CL770	Contig1	25000	80	0.011	0.017915568	283.685
CL778	Contig1	25000	132	0.010	0.030303665	338.953
CL866	Contig1	25000	34	0.011	0.009852789	261.16
CL4	Contig112	25000	109	0.012	0.017703395	7406.65
CL13	Contig80	25000	331	0.023	0.050600815	7397.18
CL13	Contig103	25000	291	0.020	0.050156591	7637.43
CL13	Contig105	25000	228	0.014	0.051599710	7394.31
CL13	Contig169	25000	234	0.018	0.034495078	7273.15
CL13	Contig193	25000	224	0.017	0.040755845	7125.39
CL14	Contig865	25000	416	0.017	0.082109750	7199.55
CL14	Contig936	25000	238	0.010	0.089216939	7250.98
CL14	Contig965	25000	255	0.011	0.090095755	6889.64
CL14	Contig1064	25000	279	0.012	0.085540188	6224.42
CL14	Contig1218	25000	194	0.011	0.061741926	5663.71
CL14	Contig1293	25000	339	0.017	0.060119415	647.251
CL14	Contig1300	25000	349	0.013	0.097100799	6766.36
CL14	Contig1391	25000	309	0.012	0.097526612	7197.2
CL14	Contig1471	25000	183	0.011	0.053833857	4116.59
CL14	Contig1530	25000	254	0.011	0.081827537	7531.01
CL14	Contig1541	25000	345	0.013	0.098825176	1323.3
CL16	Contig135	25000	176	0.016	0.035379151	7696.79
CL16	Contig150	25000	224	0.010	0.067040033	7572.05
CL21	Contig219	25000	214	0.013	0.072192302	7407.32
CL21	Contig248	25000	448	0.034	0.053985431	7542.85
CL21	Contig297	25000	152	0.012	0.054993699	6685.3
CL21	Contig317	25000	394	0.019	0.084035315	7436.97
CL21	Contig354	25000	165	0.010	0.074179558	7193.67
CL31	Contig73	25000	134	0.013	0.031609694	7449.53
CL31	Contig110	25000	286	0.012	0.071064331	7049.9
CL36	Contig133	25000	339	0.018	0.067311078	7352.12
CL36	Contig159	25000	439	0.035	0.050861841	7758.64
CL36	Contig182	25000	147	0.013	0.045513089	5955.23
CL37	Contig123	25000	181	0.012	0.042164473	7805.48
CL37	Contig162	25000	103	0.011	0.023355524	7656.56
CL58	Contig182	25000	278	0.016	0.073817677	6606.94
CL58	Contig246	25000	176	0.011	0.070300439	7309.78
CL58	Contig306	25000	233	0.012	0.094429864	6657.12
CL58	Contig350	25000	204	0.014	0.055308477	4612.34
CL60	Contig74	25000	1233	0.080	0.042604589	6104.45
CL60	Contig91	25000	173	0.011	0.036782335	391.324
CL60	Contig110	25000	340	0.014	0.062838396	799.856
CL60	Contig168	25000	202	0.010	0.063111486	2169.82
CL60	Contig193	25000	312	0.012	0.074399378	839.033
CL60	Contig318	25000	367	0.024	0.047821902	5565.57
CL60	Contig329	25000	154	0.011	0.047241814	3931.44
CL77	Contig17	25000	350	0.033	0.029775897	5091.6
CL77	Contig32	25000	194	0.019	0.019905314	1201.15
CL77	Contig58	25000	143	0.013	0.040874632	1498.16
CL77	Contig73	25000	171	0.011	0.039183642	1425.47
CL77	Contig84	25000	825	0.106	0.017035583	3407.63
CL77	Contig88	25000	331	0.029	0.025682698	825.347
CL77	Contig92	25000	196	0.016	0.033484281	1323.24
CL77	Contig113	25000	194	0.012	0.037818824	2522.29
CL79	Contig1	25000	10	0.021	0.001434458	7565.93
CL90	Contig70	25000	535	0.042	0.037144416	5541.37
CL90	Contig72	25000	278	0.019	0.049117959	3254.74
CL90	Contig103	25000	107	0.011	0.030419601	2340.85
CL90	Contig139	25000	345	0.028	0.032031965	3391.15
CL95	Contig73	25000	190	0.017	0.034107031	2300.13
CL95	Contig75	25000	429	0.034	0.045119979	3831.49
CL95	Contig89	25000	192	0.011	0.048627317	897.068
CL95	Contig114	25000	138	0.010	0.053148892	1427.22
CL95	Contig117	25000	447	0.039	0.035978794	4294.63
CL95	Contig133	25000	243	0.012	0.055588256	1826.98
CL95	Contig169	25000	137	0.011	0.051832582	3132.08
CL96	Contig133	25000	155	0.012	0.057352412	1644.86
CL96	Contig286	25000	184	0.012	0.067051280	2986.63
CL96	Contig356	25000	199	0.010	0.069937697	1812.8
CL96	Contig426	25000	140	0.011	0.050942229	2754.8
CL98	Contig3	25000	465	0.055	0.016682281	3999.63
CL98	Contig21	25000	195	0.020	0.026934801	2496.28
CL98	Contig36	25000	377	0.037	0.020042249	4456.69
CL102	Contig43	25000	353	0.016	0.077903591	2238.82
CL102	Contig169	25000	507	0.025	0.070023595	6464.94
CL102	Contig183	25000	396	0.019	0.075117221	6250.65
CL107	Contig28	25000	245	0.018	0.028915805	5601.5
CL107	Contig71	25000	269	0.020	0.034601133	5574.46
CL115	Contig1	25000	28	0.080	0.000467460	3494.81
CL118	Contig8	25000	950	0.067	0.030365852	2128.25
CL118	Contig18	25000	626	0.051	0.029508539	2362.5
CL120	Contig58	25000	344	0.022	0.037539404	3245.94
CL120	Contig60	25000	366	0.022	0.042759393	3382.1
CL120	Contig65	25000	398	0.025	0.046687501	2229.07
CL120	Contig73	25000	239	0.013	0.054077856	2313.08
CL123	Contig45	25000	189	0.013	0.052699667	3885.61
CL123	Contig56	25000	106	0.012	0.020002509	5935.54
CL138	Contig6	25000	367	0.027	0.027392674	890.313
CL138	Contig10	25000	199	0.014	0.024105393	575.319
CL138	Contig12	25000	174	0.012	0.026875937	373.222
CL138	Contig22	25000	433	0.027	0.036975122	1047.01
CL138	Contig24	25000	178	0.015	0.025924815	596.898
CL138	Contig27	25000	752	0.051	0.034844220	1087.01
CL138	Contig33	25000	221	0.013	0.033545770	482.481
CL138	Contig34	25000	215	0.012	0.037667675	775.284
CL140	Contig12	25000	243	0.012	0.052296567	897.107
CL140	Contig23	25000	122	0.010	0.041240139	1790.46
CL140	Contig29	25000	198	0.011	0.052460459	594.563
CL140	Contig46	25000	444	0.020	0.065126372	602.133
CL140	Contig49	25000	507	0.039	0.033715975	1976.34
CL140	Contig50	25000	207	0.012	0.063593813	525.303
CL141	Contig1	25000	3	0.067	0.000036412	2481.7
CL143	Contig1	25000	13	0.050	0.000376441	3367.34
CL148	Contig28	25000	175	0.017	0.043119473	958.02
CL148	Contig34	25000	319	0.012	0.083540780	3379.04
CL148	Contig101	25000	270	0.010	0.073492386	3240.58
CL159	Contig25	25000	214	0.012	0.075368693	1089.03
CL159	Contig37	25000	317	0.019	0.055869155	1531.62
CL159	Contig47	25000	352	0.023	0.050628736	1349.95
CL160	Contig1	25000	3	0.045	0.000067572	2582.07
CL165	Contig3	25000	200	0.015	0.049544262	1573.55
CL165	Contig8	25000	197	0.013	0.044882051	1068.5
CL165	Contig29	25000	237	0.015	0.052076415	2232.35
CL174	Contig22	25000	234	0.027	0.033810184	2641.21
CL174	Contig23	25000	210	0.018	0.027509344	594.719
CL177	Contig41	25000	261	0.011	0.057448424	1003.21
CL177	Contig43	25000	553	0.027	0.062440410	1532.01
CL181	Contig13	25000	144	0.011	0.033323435	4456.53
CL181	Contig23	25000	179	0.012	0.037328122	1441.43
CL187	Contig1	25000	12	0.032	0.000724032	2302.26
CL193	Contig10	25000	360	0.023	0.055696015	1608.25
CL198	Contig9	25000	612	0.040	0.041814818	972.581
CL198	Contig18	25000	176	0.013	0.038186125	1161.64
CL208	Contig10	25000	170	0.014	0.033614618	1154.9
CL208	Contig34	25000	312	0.015	0.065345417	1757.4
CL210	Contig1	25000	1	0.027	0.000030373	1850.76
CL213	Contig6	25000	211	0.013	0.048220581	1468.82
CL213	Contig10	25000	373	0.022	0.051349771	1262.19
CL218	Contig7	25000	338	0.022	0.046855640	1717.12
CL222	Contig25	25000	108	0.011	0.020018839	529.709
CL222	Contig36	25000	115	0.013	0.029899589	541.196
CL224	Contig27	25000	152	0.011	0.048491201	1816.09
CL225	Contig1	25000	171	0.010	0.050523836	800.04
CL225	Contig8	25000	290	0.019	0.047352131	1074.75
CL237	Contig3	25000	363	0.021	0.042951248	1680.55
CL244	Contig2	25000	92	0.011	0.024031430	721.301
CL244	Contig6	25000	126	0.015	0.023436874	1135.84
CL251	Contig4	25000	140	0.011	0.047523645	883.852
CL251	Contig16	25000	240	0.015	0.057709811	749.489
CL271	Contig3	25000	189	0.012	0.036261834	815.707
CL282	Contig3	25000	261	0.015	0.059959567	490.827
CL282	Contig4	25000	203	0.010	0.050441819	684.707
CL284	Contig4	25000	285	0.011	0.077498007	768.993
CL305	Contig3	25000	75	0.011	0.012397605	435.042
CL305	Contig4	25000	83	0.012	0.017536469	368.359
CL314	Contig3	25000	305	0.012	0.057056977	740.135
CL318	Contig2	25000	457	0.024	0.053564267	609.88
CL332	Contig1	25000	249	0.017	0.040041896	733.844
CL340	Contig3	25000	173	0.014	0.037286101	888.237
CL357	Contig1	25000	180	0.015	0.035848121	720.74
CL367	Contig2	25000	238	0.017	0.056813030	609.614
CL372	Contig2	25000	259	0.012	0.065587640	456.512
CL376	Contig4	25000	183	0.012	0.046362124	435.65
CL405	Contig2	25000	234	0.012	0.054648963	604.613
CL421	Contig3	25000	240	0.010	0.069288725	324.218
CL436	Contig1	25000	238	0.018	0.028458737	421.982
CL454	Contig1	25000	233	0.013	0.070495968	807.385
CL459	Contig1	25000	199	0.011	0.042083345	553.082
CL463	Contig2	25000	233	0.014	0.059162015	633.669
CL467	Contig6	25000	242	0.012	0.059538065	429.04
CL485	Contig1	25000	110	0.012	0.019185612	874.729
CL571	Contig1	25000	24	0.018	0.006280212	197.878
CL612	Contig1	25000	76	0.011	0.029655724	257.317
CL621	Contig3	25000	126	0.011	0.039557982	356.474
CL629	Contig1	25000	132	0.012	0.044856787	295.576
CL641	Contig2	25000	100	0.010	0.024017948	943.28
CL685	Contig1	25000	43	0.011	0.014406746	376.015
CL751	Contig1	25000	132	0.011	0.033589533	242.06
CL996	Contig1	25000	100	0.010	0.031486689	166.816
